materials backflow_percent inlet_D angle inlet_V Density Viscosity
0 31.532406 0.8 0.2793 500.0 0.00106 0.004
1 29.615511 0.8 0.2793 466.8 0.00106 0.004
2 27.299256 0.8 0.2793 433.6 0.00106 0.004
3 24.786892 0.8 0.2793 400.4 0.00106 0.004
4 21.38203 0.8 0.2793 367.2000000000001 0.00106 0.004
5 17.225257 0.8 0.2793 334.0 0.00106 0.004
6 12.774881 0.8 0.2793 300.8 0.00106 0.004
7 8.7469743 0.8 0.2793 267.6 0.00106 0.004
8 5.2217123 0.8 0.2793 234.4 0.00106 0.004
9 0.89161699 0.8 0.2793 201.2 0.00106 0.004
10 0.0 0.8 0.2793 168.0 0.00106 0.004
11 0.0 0.8 0.2793 134.8 0.00106 0.004
12 0.0 0.8 0.2793 101.6 0.00106 0.004
13 0.0 0.8 0.2793 68.4 0.00106 0.004
14 43.313265 0.8 0.3491 500.0 0.00106 0.004
15 42.439991 0.8 0.3491 466.8 0.00106 0.004
16 41.060435 0.8 0.3491 433.6 0.00106 0.004
17 39.69763 0.8 0.3491 400.4 0.00106 0.004
18 37.649914 0.8 0.3491 367.2000000000001 0.00106 0.004
19 34.951895 0.8 0.3491 334.0 0.00106 0.004
20 30.768854 0.8 0.3491 300.8 0.00106 0.004
21 24.947495 0.8 0.3491 267.6 0.00106 0.004
22 17.81795 0.8 0.3491 234.4 0.00106 0.004
23 10.721298 0.8 0.3491 201.2 0.00106 0.004
24 4.4522725 0.8 0.3491 168.0 0.00106 0.004
25 0.0 0.8 0.3491 134.8 0.00106 0.004
26 0.0 0.8 0.3491 101.6 0.00106 0.004
27 0.0 0.8 0.3491 68.4 0.00106 0.004
28 51.467299 0.8 0.4189 500.0 0.00106 0.004
29 50.713324 0.8 0.4189 466.8 0.00106 0.004
30 49.97872 0.8 0.4189 433.6 0.00106 0.004
31 49.030145 0.8 0.4189 400.4 0.00106 0.004
32 47.8452 0.8 0.4189 367.2000000000001 0.00106 0.004
33 46.250191 0.8 0.4189 334.0 0.00106 0.004
34 43.994779 0.8 0.4189 300.8 0.00106 0.004
35 40.559917 0.8 0.4189 267.6 0.00106 0.004
36 34.511046 0.8 0.4189 234.4 0.00106 0.004
37 24.77024 0.8 0.4189 201.2 0.00106 0.004
38 14.216652 0.8 0.4189 168.0 0.00106 0.004
39 4.2381115 0.8 0.4189 134.8 0.00106 0.004
40 0.0 0.8 0.4189 101.6 0.00106 0.004
41 0.0 0.8 0.4189 68.4 0.00106 0.004
42 57.76827 0.8 0.4887 500.0 0.00106 0.004
43 57.267974 0.8 0.4887 466.8 0.00106 0.004
44 56.62692 0.8 0.4887 433.6 0.00106 0.004
45 55.957792 0.8 0.4887 400.4 0.00106 0.004
46 55.010688 0.8 0.4887 367.2000000000001 0.00106 0.004
47 53.862174 0.8 0.4887 334.0 0.00106 0.004
48 52.390848 0.8 0.4887 300.8 0.00106 0.004
49 50.279668 0.8 0.4887 267.6 0.00106 0.004
50 46.959604 0.8 0.4887 234.4 0.00106 0.004
51 40.817429 0.8 0.4887 201.2 0.00106 0.004
52 27.550823 0.8 0.4887 168.0 0.00106 0.004
53 13.347158 0.8 0.4887 134.8 0.00106 0.004
54 0.0 0.8 0.4887 101.6 0.00106 0.004
55 0.0 0.8 0.4887 68.4 0.00106 0.004
56 62.8005 0.8 0.5585 500.0 0.00106 0.004
57 62.350976 0.8 0.5585 466.8 0.00106 0.004
58 61.912473 0.8 0.5585 433.6 0.00106 0.004
59 61.321697 0.8 0.5585 400.4 0.00106 0.004
60 60.667081 0.8 0.5585 367.2000000000001 0.00106 0.004
61 59.818285 0.8 0.5585 334.0 0.00106 0.004
62 58.539745 0.8 0.5585 300.8 0.00106 0.004
63 57.002162 0.8 0.5585 267.6 0.00106 0.004
64 54.873283 0.8 0.5585 234.4 0.00106 0.004
65 51.17272 0.8 0.5585 201.2 0.00106 0.004
66 43.668787 0.8 0.5585 168.0 0.00106 0.004
67 24.801851 0.8 0.5585 134.8 0.00106 0.004
68 4.3155142 0.8 0.5585 101.6 0.00106 0.004
69 0.0 0.8 0.5585 68.4 0.00106 0.004
70 66.919821 0.8 0.6283 500.0 0.00106 0.004
71 66.512749 0.8 0.6283 466.8 0.00106 0.004
72 66.125845 0.8 0.6283 433.6 0.00106 0.004
73 65.493343 0.8 0.6283 400.4 0.00106 0.004
74 64.893924 0.8 0.6283 367.2000000000001 0.00106 0.004
75 64.27617 0.8 0.6283 334.0 0.00106 0.004
76 63.298523 0.8 0.6283 300.8 0.00106 0.004
77 62.193078 0.8 0.6283 267.6 0.00106 0.004
78 60.554325 0.8 0.6283 234.4 0.00106 0.004
79 57.904 0.8 0.6283 201.2 0.00106 0.004
80 53.313306 0.8 0.6283 168.0 0.00106 0.004
81 39.656814 0.8 0.6283 134.8 0.00106 0.004
82 14.533588 0.8 0.6283 101.6 0.00106 0.004
83 0.0 0.8 0.6283 68.4 0.00106 0.004
84 71.276941 0.8 0.6981 500.0 0.00106 0.004
85 70.93555 0.8 0.6981 466.8 0.00106 0.004
86 70.570154 0.8 0.6981 433.6 0.00106 0.004
87 70.021274 0.8 0.6981 400.4 0.00106 0.004
88 69.515648 0.8 0.6981 367.2000000000001 0.00106 0.004
89 68.954917 0.8 0.6981 334.0 0.00106 0.004
90 68.206085 0.8 0.6981 300.8 0.00106 0.004
91 67.26237 0.8 0.6981 267.6 0.00106 0.004
92 65.945237 0.8 0.6981 234.4 0.00106 0.004
93 63.94199 0.8 0.6981 201.2 0.00106 0.004
94 60.615041 0.8 0.6981 168.0 0.00106 0.004
95 53.025406 0.8 0.6981 134.8 0.00106 0.004
96 25.529049 0.8 0.6981 101.6 0.00106 0.004
97 0.0 0.8 0.6981 68.4 0.00106 0.004
98 74.953393 0.8 0.7679 500.0 0.00106 0.004
99 74.630514 0.8 0.7679 466.8 0.00106 0.004
100 74.286061 0.8 0.7679 433.6 0.00106 0.004
101 73.857151 0.8 0.7679 400.4 0.00106 0.004
102 73.371976 0.8 0.7679 367.2000000000001 0.00106 0.004
103 72.777196 0.8 0.7679 334.0 0.00106 0.004
104 72.04085 0.8 0.7679 300.8 0.00106 0.004
105 71.194829 0.8 0.7679 267.6 0.00106 0.004
106 70.204754 0.8 0.7679 234.4 0.00106 0.004
107 68.678835 0.8 0.7679 201.2 0.00106 0.004
108 66.087671 0.8 0.7679 168.0 0.00106 0.004
109 60.772037 0.8 0.7679 134.8 0.00106 0.004
110 41.505517 0.8 0.7679 101.6 0.00106 0.004
111 0.057810486 0.8 0.7679 68.4 0.00106 0.004
112 78.385955 0.8 0.8378 500.0 0.00106 0.004
113 78.082495 0.8 0.8378 466.8 0.00106 0.004
114 77.743596 0.8 0.8378 433.6 0.00106 0.004
115 77.364797 0.8 0.8378 400.4 0.00106 0.004
116 76.805404 0.8 0.8378 367.2000000000001 0.00106 0.004
117 76.284651 0.8 0.8378 334.0 0.00106 0.004
118 75.697833 0.8 0.8378 300.8 0.00106 0.004
119 75.010905 0.8 0.8378 267.6 0.00106 0.004
120 74.084038 0.8 0.8378 234.4 0.00106 0.004
121 72.877451 0.8 0.8378 201.2 0.00106 0.004
122 70.888055 0.8 0.8378 168.0 0.00106 0.004
123 66.665035 0.8 0.8378 134.8 0.00106 0.004
124 54.060951 0.8 0.8378 101.6 0.00106 0.004
125 3.3926746 0.8 0.8378 68.4 0.00106 0.004
126 36.867637 1.1 0.2793 500.0 0.00106 0.004
127 35.914006 1.1 0.2793 466.8 0.00106 0.004
128 34.878426 1.1 0.2793 433.6 0.00106 0.004
129 33.606706 1.1 0.2793 400.4 0.00106 0.004
130 31.619234 1.1 0.2793 367.2000000000001 0.00106 0.004
131 29.222739 1.1 0.2793 334.0 0.00106 0.004
132 25.722931 1.1 0.2793 300.8 0.00106 0.004
133 21.728499 1.1 0.2793 267.6 0.00106 0.004
134 15.585915 1.1 0.2793 234.4 0.00106 0.004
135 9.6149889 1.1 0.2793 201.2 0.00106 0.004
136 4.8533372 1.1 0.2793 168.0 0.00106 0.004
137 0.0 1.1 0.2793 134.8 0.00106 0.004
138 0.0 1.1 0.2793 101.6 0.00106 0.004
139 0.0 1.1 0.2793 68.4 0.00106 0.004
140 46.593033 1.1 0.3491 500.0 0.00106 0.004
141 45.909635 1.1 0.3491 466.8 0.00106 0.004
142 45.158033 1.1 0.3491 433.6 0.00106 0.004
143 44.305859 1.1 0.3491 400.4 0.00106 0.004
144 43.292559 1.1 0.3491 367.2000000000001 0.00106 0.004
145 42.106461 1.1 0.3491 334.0 0.00106 0.004
146 40.366265 1.1 0.3491 300.8 0.00106 0.004
147 37.806493 1.1 0.3491 267.6 0.00106 0.004
148 33.840506 1.1 0.3491 234.4 0.00106 0.004
149 26.656639 1.1 0.3491 201.2 0.00106 0.004
150 16.954648 1.1 0.3491 168.0 0.00106 0.004
151 7.091178 1.1 0.3491 134.8 0.00106 0.004
152 0.0 1.1 0.3491 101.6 0.00106 0.004
153 0.0 1.1 0.3491 68.4 0.00106 0.004
154 53.799542 1.1 0.4189 500.0 0.00106 0.004
155 53.327008 1.1 0.4189 466.8 0.00106 0.004
156 52.83568 1.1 0.4189 433.6 0.00106 0.004
157 52.161474 1.1 0.4189 400.4 0.00106 0.004
158 51.414398 1.1 0.4189 367.2000000000001 0.00106 0.004
159 50.630469 1.1 0.4189 334.0 0.00106 0.004
160 49.608767 1.1 0.4189 300.8 0.00106 0.004
161 47.997091 1.1 0.4189 267.6 0.00106 0.004
162 45.519261 1.1 0.4189 234.4 0.00106 0.004
163 41.602644 1.1 0.4189 201.2 0.00106 0.004
164 33.471468 1.1 0.4189 168.0 0.00106 0.004
165 19.638203 1.1 0.4189 134.8 0.00106 0.004
166 4.9953667 1.1 0.4189 101.6 0.00106 0.004
167 0.0 1.1 0.4189 68.4 0.00106 0.004
168 59.7679 1.1 0.4887 500.0 0.00106 0.004
169 59.341307 1.1 0.4887 466.8 0.00106 0.004
170 58.894299 1.1 0.4887 433.6 0.00106 0.004
171 58.334337 1.1 0.4887 400.4 0.00106 0.004
172 57.708186 1.1 0.4887 367.2000000000001 0.00106 0.004
173 56.993498 1.1 0.4887 334.0 0.00106 0.004
174 56.16484 1.1 0.4887 300.8 0.00106 0.004
175 55.113832 1.1 0.4887 267.6 0.00106 0.004
176 53.548681 1.1 0.4887 234.4 0.00106 0.004
177 50.878553 1.1 0.4887 201.2 0.00106 0.004
178 46.57344 1.1 0.4887 168.0 0.00106 0.004
179 35.185121 1.1 0.4887 134.8 0.00106 0.004
180 15.120148 1.1 0.4887 101.6 0.00106 0.004
181 0.0 1.1 0.4887 68.4 0.00106 0.004
182 64.545084 1.1 0.5585 500.0 0.00106 0.004
183 64.217232 1.1 0.5585 466.8 0.00106 0.004
184 63.807879 1.1 0.5585 433.6 0.00106 0.004
185 63.297665 1.1 0.5585 400.4 0.00106 0.004
186 62.772819 1.1 0.5585 367.2000000000001 0.00106 0.004
187 62.277352 1.1 0.5585 334.0 0.00106 0.004
188 61.582868 1.1 0.5585 300.8 0.00106 0.004
189 60.65845 1.1 0.5585 267.6 0.00106 0.004
190 59.423844 1.1 0.5585 234.4 0.00106 0.004
191 57.397627 1.1 0.5585 201.2 0.00106 0.004
192 54.510405 1.1 0.5585 168.0 0.00106 0.004
193 48.306852 1.1 0.5585 134.8 0.00106 0.004
194 27.194872 1.1 0.5585 101.6 0.00106 0.004
195 0.02061246 1.1 0.5585 68.4 0.00106 0.004
196 68.384951 1.1 0.6283 500.0 0.00106 0.004
197 68.101595 1.1 0.6283 466.8 0.00106 0.004
198 67.738598 1.1 0.6283 433.6 0.00106 0.004
199 67.452322 1.1 0.6283 400.4 0.00106 0.004
200 66.985738 1.1 0.6283 367.2000000000001 0.00106 0.004
201 66.475321 1.1 0.6283 334.0 0.00106 0.004
202 65.783631 1.1 0.6283 300.8 0.00106 0.004
203 64.717968 1.1 0.6283 267.6 0.00106 0.004
204 63.836578 1.1 0.6283 234.4 0.00106 0.004
205 62.377421 1.1 0.6283 201.2 0.00106 0.004
206 60.286996 1.1 0.6283 168.0 0.00106 0.004
207 56.089209 1.1 0.6283 134.8 0.00106 0.004
208 42.603033 1.1 0.6283 101.6 0.00106 0.004
209 5.988639 1.1 0.6283 68.4 0.00106 0.004
210 72.812741 1.1 0.6981 500.0 0.00106 0.004
211 72.512756 1.1 0.6981 466.8 0.00106 0.004
212 72.169431 1.1 0.6981 433.6 0.00106 0.004
213 71.788721 1.1 0.6981 400.4 0.00106 0.004
214 71.390588 1.1 0.6981 367.2000000000001 0.00106 0.004
215 70.886759 1.1 0.6981 334.0 0.00106 0.004
216 70.198449 1.1 0.6981 300.8 0.00106 0.004
217 69.448951 1.1 0.6981 267.6 0.00106 0.004
218 68.681935 1.1 0.6981 234.4 0.00106 0.004
219 67.620825 1.1 0.6981 201.2 0.00106 0.004
220 65.849473 1.1 0.6981 168.0 0.00106 0.004
221 62.664519 1.1 0.6981 134.8 0.00106 0.004
222 54.276178 1.1 0.6981 101.6 0.00106 0.004
223 15.873985 1.1 0.6981 68.4 0.00106 0.004
224 76.286385 1.1 0.7679 500.0 0.00106 0.004
225 76.048979 1.1 0.7679 466.8 0.00106 0.004
226 75.701243 1.1 0.7679 433.6 0.00106 0.004
227 75.333689 1.1 0.7679 400.4 0.00106 0.004
228 74.969937 1.1 0.7679 367.2000000000001 0.00106 0.004
229 74.528122 1.1 0.7679 334.0 0.00106 0.004
230 74.041948 1.1 0.7679 300.8 0.00106 0.004
231 73.401361 1.1 0.7679 267.6 0.00106 0.004
232 72.498559 1.1 0.7679 234.4 0.00106 0.004
233 71.486432 1.1 0.7679 201.2 0.00106 0.004
234 70.159927 1.1 0.7679 168.0 0.00106 0.004
235 67.670603 1.1 0.7679 134.8 0.00106 0.004
236 61.724172 1.1 0.7679 101.6 0.00106 0.004
237 28.511957 1.1 0.7679 68.4 0.00106 0.004
238 79.615321 1.1 0.8378 500.0 0.00106 0.004
239 79.354205 1.1 0.8378 466.8 0.00106 0.004
240 79.069154 1.1 0.8378 433.6 0.00106 0.004
241 78.757006 1.1 0.8378 400.4 0.00106 0.004
242 78.431568 1.1 0.8378 367.2000000000001 0.00106 0.004
243 78.006914 1.1 0.8378 334.0 0.00106 0.004
244 77.495913 1.1 0.8378 300.8 0.00106 0.004
245 76.833196 1.1 0.8378 267.6 0.00106 0.004
246 76.064991 1.1 0.8378 234.4 0.00106 0.004
247 75.21218 1.1 0.8378 201.2 0.00106 0.004
248 74.138731 1.1 0.8378 168.0 0.00106 0.004
249 71.987436 1.1 0.8378 134.8 0.00106 0.004
250 67.441896 1.1 0.8378 101.6 0.00106 0.004
251 44.487572 1.1 0.8378 68.4 0.00106 0.004
252 39.402367 1.4 0.2793 500.0 0.00106 0.004
253 38.843528 1.4 0.2793 466.8 0.00106 0.004
254 38.055535 1.4 0.2793 433.6 0.00106 0.004
255 37.06129 1.4 0.2793 400.4 0.00106 0.004
256 35.919568 1.4 0.2793 367.2000000000001 0.00106 0.004
257 34.295858 1.4 0.2793 334.0 0.00106 0.004
258 32.439534 1.4 0.2793 300.8 0.00106 0.004
259 29.713534 1.4 0.2793 267.6 0.00106 0.004
260 25.294194 1.4 0.2793 234.4 0.00106 0.004
261 19.494534 1.4 0.2793 201.2 0.00106 0.004
262 11.663502 1.4 0.2793 168.0 0.00106 0.004
263 5.2595039 1.4 0.2793 134.8 0.00106 0.004
264 0.0 1.4 0.2793 101.6 0.00106 0.004
265 0.0 1.4 0.2793 68.4 0.00106 0.004
266 48.447623 1.4 0.3491 500.0 0.00106 0.004
267 47.923197 1.4 0.3491 466.8 0.00106 0.004
268 47.398638 1.4 0.3491 433.6 0.00106 0.004
269 46.683932 1.4 0.3491 400.4 0.00106 0.004
270 45.874161 1.4 0.3491 367.2000000000001 0.00106 0.004
271 44.78603 1.4 0.3491 334.0 0.00106 0.004
272 43.7217 1.4 0.3491 300.8 0.00106 0.004
273 42.241157 1.4 0.3491 267.6 0.00106 0.004
274 40.262847 1.4 0.3491 234.4 0.00106 0.004
275 36.64912 1.4 0.3491 201.2 0.00106 0.004
276 29.456917 1.4 0.3491 168.0 0.00106 0.004
277 17.672136 1.4 0.3491 134.8 0.00106 0.004
278 5.6714436 1.4 0.3491 101.6 0.00106 0.004
279 0.0 1.4 0.3491 68.4 0.00106 0.004
280 55.2143 1.4 0.4189 500.0 0.00106 0.004
281 54.753573 1.4 0.4189 466.8 0.00106 0.004
282 54.296807 1.4 0.4189 433.6 0.00106 0.004
283 53.75258 1.4 0.4189 400.4 0.00106 0.004
284 53.211454 1.4 0.4189 367.2000000000001 0.00106 0.004
285 52.587766 1.4 0.4189 334.0 0.00106 0.004
286 51.706585 1.4 0.4189 300.8 0.00106 0.004
287 50.722081 1.4 0.4189 267.6 0.00106 0.004
288 49.529187 1.4 0.4189 234.4 0.00106 0.004
289 47.281957 1.4 0.4189 201.2 0.00106 0.004
290 43.325376 1.4 0.4189 168.0 0.00106 0.004
291 34.715809 1.4 0.4189 134.8 0.00106 0.004
292 17.001891 1.4 0.4189 101.6 0.00106 0.004
293 0.0 1.4 0.4189 68.4 0.00106 0.004
294 61.037102 1.4 0.4887 500.0 0.00106 0.004
295 60.682856 1.4 0.4887 466.8 0.00106 0.004
296 60.275168 1.4 0.4887 433.6 0.00106 0.004
297 59.811625 1.4 0.4887 400.4 0.00106 0.004
298 59.33911 1.4 0.4887 367.2000000000001 0.00106 0.004
299 58.709704 1.4 0.4887 334.0 0.00106 0.004
300 57.956748 1.4 0.4887 300.8 0.00106 0.004
301 57.078527 1.4 0.4887 267.6 0.00106 0.004
302 56.078686 1.4 0.4887 234.4 0.00106 0.004
303 54.638528 1.4 0.4887 201.2 0.00106 0.004
304 51.972429 1.4 0.4887 168.0 0.00106 0.004
305 47.130972 1.4 0.4887 134.8 0.00106 0.004
306 31.52992 1.4 0.4887 101.6 0.00106 0.004
307 4.9285412 1.4 0.4887 68.4 0.00106 0.004
308 65.763411 1.4 0.5585 500.0 0.00106 0.004
309 65.370231 1.4 0.5585 466.8 0.00106 0.004
310 65.03042 1.4 0.5585 433.6 0.00106 0.004
311 64.635168 1.4 0.5585 400.4 0.00106 0.004
312 64.163105 1.4 0.5585 367.2000000000001 0.00106 0.004
313 63.636405 1.4 0.5585 334.0 0.00106 0.004
314 63.022879 1.4 0.5585 300.8 0.00106 0.004
315 62.361786 1.4 0.5585 267.6 0.00106 0.004
316 61.555646 1.4 0.5585 234.4 0.00106 0.004
317 60.276219 1.4 0.5585 201.2 0.00106 0.004
318 58.216665 1.4 0.5585 168.0 0.00106 0.004
319 54.917622 1.4 0.5585 134.8 0.00106 0.004
320 46.432144 1.4 0.5585 101.6 0.00106 0.004
321 15.478844 1.4 0.5585 68.4 0.00106 0.004
322 69.377091 1.4 0.6283 500.0 0.00106 0.004
323 69.137045 1.4 0.6283 466.8 0.00106 0.004
324 68.850761 1.4 0.6283 433.6 0.00106 0.004
325 68.520913 1.4 0.6283 400.4 0.00106 0.004
326 68.040903 1.4 0.6283 367.2000000000001 0.00106 0.004
327 67.705673 1.4 0.6283 334.0 0.00106 0.004
328 67.117221 1.4 0.6283 300.8 0.00106 0.004
329 66.474382 1.4 0.6283 267.6 0.00106 0.004
330 65.630035 1.4 0.6283 234.4 0.00106 0.004
331 64.494941 1.4 0.6283 201.2 0.00106 0.004
332 63.081267 1.4 0.6283 168.0 0.00106 0.004
333 60.35247 1.4 0.6283 134.8 0.00106 0.004
334 54.739397 1.4 0.6283 101.6 0.00106 0.004
335 26.860981 1.4 0.6283 68.4 0.00106 0.004
336 73.772573 1.4 0.6981 500.0 0.00106 0.004
337 73.47331 1.4 0.6981 466.8 0.00106 0.004
338 73.193944 1.4 0.6981 433.6 0.00106 0.004
339 72.853173 1.4 0.6981 400.4 0.00106 0.004
340 72.541469 1.4 0.6981 367.2000000000001 0.00106 0.004
341 72.082481 1.4 0.6981 334.0 0.00106 0.004
342 71.556578 1.4 0.6981 300.8 0.00106 0.004
343 70.970443 1.4 0.6981 267.6 0.00106 0.004
344 70.132797 1.4 0.6981 234.4 0.00106 0.004
345 69.169287 1.4 0.6981 201.2 0.00106 0.004
346 68.05537 1.4 0.6981 168.0 0.00106 0.004
347 65.979765 1.4 0.6981 134.8 0.00106 0.004
348 61.720679 1.4 0.6981 101.6 0.00106 0.004
349 42.385898 1.4 0.6981 68.4 0.00106 0.004
350 77.226025 1.4 0.7679 500.0 0.00106 0.004
351 76.953202 1.4 0.7679 466.8 0.00106 0.004
352 76.707017 1.4 0.7679 433.6 0.00106 0.004
353 76.395878 1.4 0.7679 400.4 0.00106 0.004
354 76.056749 1.4 0.7679 367.2000000000001 0.00106 0.004
355 75.586503 1.4 0.7679 334.0 0.00106 0.004
356 75.10201 1.4 0.7679 300.8 0.00106 0.004
357 74.605014 1.4 0.7679 267.6 0.00106 0.004
358 73.990366 1.4 0.7679 234.4 0.00106 0.004
359 73.078839 1.4 0.7679 201.2 0.00106 0.004
360 71.998819 1.4 0.7679 168.0 0.00106 0.004
361 70.293519 1.4 0.7679 134.8 0.00106 0.004
362 67.009673 1.4 0.7679 101.6 0.00106 0.004
363 53.817287 1.4 0.7679 68.4 0.00106 0.004
364 80.451229 1.4 0.8378 500.0 0.00106 0.004
365 80.247917 1.4 0.8378 466.8 0.00106 0.004
366 79.994047 1.4 0.8378 433.6 0.00106 0.004
367 79.696709 1.4 0.8378 400.4 0.00106 0.004
368 79.353497 1.4 0.8378 367.2000000000001 0.00106 0.004
369 78.992999 1.4 0.8378 334.0 0.00106 0.004
370 78.591737 1.4 0.8378 300.8 0.00106 0.004
371 78.070489 1.4 0.8378 267.6 0.00106 0.004
372 77.420861 1.4 0.8378 234.4 0.00106 0.004
373 76.621616 1.4 0.8378 201.2 0.00106 0.004
374 75.572646 1.4 0.8378 168.0 0.00106 0.004
375 74.242405 1.4 0.8378 134.8 0.00106 0.004
376 71.659824 1.4 0.8378 101.6 0.00106 0.004
377 61.535818 1.4 0.8378 68.4 0.00106 0.004
378 41.46588 1.7 0.2793 500.0 0.00106 0.004
379 40.807157 1.7 0.2793 466.8 0.00106 0.004
380 40.134039 1.7 0.2793 433.6 0.00106 0.004
381 39.229449 1.7 0.2793 400.4 0.00106 0.004
382 38.275246 1.7 0.2793 367.2000000000001 0.00106 0.004
383 37.215178 1.7 0.2793 334.0 0.00106 0.004
384 35.829159 1.7 0.2793 300.8 0.00106 0.004
385 33.809362 1.7 0.2793 267.6 0.00106 0.004
386 31.18589 1.7 0.2793 234.4 0.00106 0.004
387 26.871047 1.7 0.2793 201.2 0.00106 0.004
388 19.99348 1.7 0.2793 168.0 0.00106 0.004
389 10.647646 1.7 0.2793 134.8 0.00106 0.004
390 2.7926524 1.7 0.2793 101.6 0.00106 0.004
391 0.0 1.7 0.2793 68.4 0.00106 0.004
392 49.87762 1.7 0.3491 500.0 0.00106 0.004
393 49.296371 1.7 0.3491 466.8 0.00106 0.004
394 48.832343 1.7 0.3491 433.6 0.00106 0.004
395 48.267774 1.7 0.3491 400.4 0.00106 0.004
396 47.501408 1.7 0.3491 367.2000000000001 0.00106 0.004
397 46.700511 1.7 0.3491 334.0 0.00106 0.004
398 45.706903 1.7 0.3491 300.8 0.00106 0.004
399 44.462355 1.7 0.3491 267.6 0.00106 0.004
400 43.017759 1.7 0.3491 234.4 0.00106 0.004
401 41.088631 1.7 0.3491 201.2 0.00106 0.004
402 37.063771 1.7 0.3491 168.0 0.00106 0.004
403 28.234888 1.7 0.3491 134.8 0.00106 0.004
404 13.516889 1.7 0.3491 101.6 0.00106 0.004
405 0.0 1.7 0.3491 68.4 0.00106 0.004
406 56.262013 1.7 0.4189 500.0 0.00106 0.004
407 55.833568 1.7 0.4189 466.8 0.00106 0.004
408 55.472177 1.7 0.4189 433.6 0.00106 0.004
409 54.968373 1.7 0.4189 400.4 0.00106 0.004
410 54.441372 1.7 0.4189 367.2000000000001 0.00106 0.004
411 53.799109 1.7 0.4189 334.0 0.00106 0.004
412 53.122501 1.7 0.4189 300.8 0.00106 0.004
413 52.327867 1.7 0.4189 267.6 0.00106 0.004
414 51.220865 1.7 0.4189 234.4 0.00106 0.004
415 50.012688 1.7 0.4189 201.2 0.00106 0.004
416 47.551498 1.7 0.4189 168.0 0.00106 0.004
417 42.580941 1.7 0.4189 134.8 0.00106 0.004
418 28.91917 1.7 0.4189 101.6 0.00106 0.004
419 6.0771913 1.7 0.4189 68.4 0.00106 0.004
420 62.009822 1.7 0.4887 500.0 0.00106 0.004
421 61.734727 1.7 0.4887 466.8 0.00106 0.004
422 61.339289 1.7 0.4887 433.6 0.00106 0.004
423 60.903906 1.7 0.4887 400.4 0.00106 0.004
424 60.461412 1.7 0.4887 367.2000000000001 0.00106 0.004
425 59.867566 1.7 0.4887 334.0 0.00106 0.004
426 59.297015 1.7 0.4887 300.8 0.00106 0.004
427 58.443571 1.7 0.4887 267.6 0.00106 0.004
428 57.537824 1.7 0.4887 234.4 0.00106 0.004
429 56.374846 1.7 0.4887 201.2 0.00106 0.004
430 54.819981 1.7 0.4887 168.0 0.00106 0.004
431 51.436407 1.7 0.4887 134.8 0.00106 0.004
432 43.949234 1.7 0.4887 101.6 0.00106 0.004
433 17.083245 1.7 0.4887 68.4 0.00106 0.004
434 66.639259 1.7 0.5585 500.0 0.00106 0.004
435 66.355373 1.7 0.5585 466.8 0.00106 0.004
436 66.001108 1.7 0.5585 433.6 0.00106 0.004
437 65.62617 1.7 0.5585 400.4 0.00106 0.004
438 65.148059 1.7 0.5585 367.2000000000001 0.00106 0.004
439 64.707451 1.7 0.5585 334.0 0.00106 0.004
440 64.085517 1.7 0.5585 300.8 0.00106 0.004
441 63.435522 1.7 0.5585 267.6 0.00106 0.004
442 62.757785 1.7 0.5585 234.4 0.00106 0.004
443 61.818345 1.7 0.5585 201.2 0.00106 0.004
444 60.416417 1.7 0.5585 168.0 0.00106 0.004
445 57.845708 1.7 0.5585 134.8 0.00106 0.004
446 52.96424 1.7 0.5585 101.6 0.00106 0.004
447 29.753609 1.7 0.5585 68.4 0.00106 0.004
448 70.140141 1.7 0.6283 500.0 0.00106 0.004
449 69.877086 1.7 0.6283 466.8 0.00106 0.004
450 69.618284 1.7 0.6283 433.6 0.00106 0.004
451 69.305812 1.7 0.6283 400.4 0.00106 0.004
452 68.959659 1.7 0.6283 367.2000000000001 0.00106 0.004
453 68.532082 1.7 0.6283 334.0 0.00106 0.004
454 68.0599 1.7 0.6283 300.8 0.00106 0.004
455 67.557621 1.7 0.6283 267.6 0.00106 0.004
456 66.805639 1.7 0.6283 234.4 0.00106 0.004
457 65.873825 1.7 0.6283 201.2 0.00106 0.004
458 64.490966 1.7 0.6283 168.0 0.00106 0.004
459 62.716591 1.7 0.6283 134.8 0.00106 0.004
460 58.916151 1.7 0.6283 101.6 0.00106 0.004
461 44.861374 1.7 0.6283 68.4 0.00106 0.004
462 74.495301 1.7 0.6981 500.0 0.00106 0.004
463 74.249676 1.7 0.6981 466.8 0.00106 0.004
464 73.974078 1.7 0.6981 433.6 0.00106 0.004
465 73.635723 1.7 0.6981 400.4 0.00106 0.004
466 73.261792 1.7 0.6981 367.2000000000001 0.00106 0.004
467 72.891963 1.7 0.6981 334.0 0.00106 0.004
468 72.511404 1.7 0.6981 300.8 0.00106 0.004
469 71.941808 1.7 0.6981 267.6 0.00106 0.004
470 71.286756 1.7 0.6981 234.4 0.00106 0.004
471 70.394254 1.7 0.6981 201.2 0.00106 0.004
472 69.250141 1.7 0.6981 168.0 0.00106 0.004
473 67.790108 1.7 0.6981 134.8 0.00106 0.004
474 64.715893 1.7 0.6981 101.6 0.00106 0.004
475 55.473504 1.7 0.6981 68.4 0.00106 0.004
476 77.88407 1.7 0.7679 500.0 0.00106 0.004
477 77.621128 1.7 0.7679 466.8 0.00106 0.004
478 77.365813 1.7 0.7679 433.6 0.00106 0.004
479 77.113934 1.7 0.7679 400.4 0.00106 0.004
480 76.790707 1.7 0.7679 367.2000000000001 0.00106 0.004
481 76.435174 1.7 0.7679 334.0 0.00106 0.004
482 76.026512 1.7 0.7679 300.8 0.00106 0.004
483 75.453694 1.7 0.7679 267.6 0.00106 0.004
484 74.828677 1.7 0.7679 234.4 0.00106 0.004
485 74.192408 1.7 0.7679 201.2 0.00106 0.004
486 73.106102 1.7 0.7679 168.0 0.00106 0.004
487 71.796331 1.7 0.7679 134.8 0.00106 0.004
488 69.359337 1.7 0.7679 101.6 0.00106 0.004
489 62.704367 1.7 0.7679 68.4 0.00106 0.004
490 80.912602 1.7 0.8378 500.0 0.00106 0.004
491 80.759154 1.7 0.8378 466.8 0.00106 0.004
492 80.563609 1.7 0.8378 433.6 0.00106 0.004
493 80.368674 1.7 0.8378 400.4 0.00106 0.004
494 80.080213 1.7 0.8378 367.2000000000001 0.00106 0.004
495 79.719013 1.7 0.8378 334.0 0.00106 0.004
496 79.317332 1.7 0.8378 300.8 0.00106 0.004
497 78.850909 1.7 0.8378 267.6 0.00106 0.004
498 78.340534 1.7 0.8378 234.4 0.00106 0.004
499 77.650042 1.7 0.8378 201.2 0.00106 0.004
500 76.659602 1.7 0.8378 168.0 0.00106 0.004
501 75.543576 1.7 0.8378 134.8 0.00106 0.004
502 73.547984 1.7 0.8378 101.6 0.00106 0.004
503 68.281885 1.7 0.8378 68.4 0.00106 0.004
504 42.823378 2.1 0.2793 500.0 0.00106 0.004
505 42.657577 2.1 0.2793 466.8 0.00106 0.004
506 42.300434 2.1 0.2793 433.6 0.00106 0.004
507 41.613707 2.1 0.2793 400.4 0.00106 0.004
508 40.829432 2.1 0.2793 367.2000000000001 0.00106 0.004
509 39.791808 2.1 0.2793 334.0 0.00106 0.004
510 38.42175 2.1 0.2793 300.8 0.00106 0.004
511 37.039459 2.1 0.2793 267.6 0.00106 0.004
512 35.039513 2.1 0.2793 234.4 0.00106 0.004
513 32.477322 2.1 0.2793 201.2 0.00106 0.004
514 27.92702 2.1 0.2793 168.0 0.00106 0.004
515 19.583525 2.1 0.2793 134.8 0.00106 0.004
516 8.1095899 2.1 0.2793 101.6 0.00106 0.004
517 0.0 2.1 0.2793 68.4 0.00106 0.004
518 51.215263 2.1 0.3491 500.0 0.00106 0.004
519 50.893151 2.1 0.3491 466.8 0.00106 0.004
520 50.471568 2.1 0.3491 433.6 0.00106 0.004
521 49.957076 2.1 0.3491 400.4 0.00106 0.004
522 49.236908 2.1 0.3491 367.2000000000001 0.00106 0.004
523 48.419554 2.1 0.3491 334.0 0.00106 0.004
524 47.553235 2.1 0.3491 300.8 0.00106 0.004
525 46.448117 2.1 0.3491 267.6 0.00106 0.004
526 45.119156 2.1 0.3491 234.4 0.00106 0.004
527 43.708329 2.1 0.3491 201.2 0.00106 0.004
528 41.60396 2.1 0.3491 168.0 0.00106 0.004
529 36.745741 2.1 0.3491 134.8 0.00106 0.004
530 24.09198 2.1 0.3491 101.6 0.00106 0.004
531 5.6602033 2.1 0.3491 68.4 0.00106 0.004
532 57.584721 2.1 0.4189 500.0 0.00106 0.004
533 57.16833 2.1 0.4189 466.8 0.00106 0.004
534 56.772394 2.1 0.4189 433.6 0.00106 0.004
535 56.212371 2.1 0.4189 400.4 0.00106 0.004
536 55.669861 2.1 0.4189 367.2000000000001 0.00106 0.004
537 55.116695 2.1 0.4189 334.0 0.00106 0.004
538 54.493492 2.1 0.4189 300.8 0.00106 0.004
539 53.68315 2.1 0.4189 267.6 0.00106 0.004
540 52.792593 2.1 0.4189 234.4 0.00106 0.004
541 51.6642 2.1 0.4189 201.2 0.00106 0.004
542 50.289713 2.1 0.4189 168.0 0.00106 0.004
543 47.388621 2.1 0.4189 134.8 0.00106 0.004
544 40.172565 2.1 0.4189 101.6 0.00106 0.004
545 17.158082 2.1 0.4189 68.4 0.00106 0.004
546 62.954763 2.1 0.4887 500.0 0.00106 0.004
547 62.638112 2.1 0.4887 466.8 0.00106 0.004
548 62.329587 2.1 0.4887 433.6 0.00106 0.004
549 61.975215 2.1 0.4887 400.4 0.00106 0.004
550 61.625035 2.1 0.4887 367.2000000000001 0.00106 0.004
551 61.029535 2.1 0.4887 334.0 0.00106 0.004
552 60.558482 2.1 0.4887 300.8 0.00106 0.004
553 59.802222 2.1 0.4887 267.6 0.00106 0.004
554 58.962213 2.1 0.4887 234.4 0.00106 0.004
555 57.879947 2.1 0.4887 201.2 0.00106 0.004
556 56.604498 2.1 0.4887 168.0 0.00106 0.004
557 54.691675 2.1 0.4887 134.8 0.00106 0.004
558 50.063563 2.1 0.4887 101.6 0.00106 0.004
559 31.717553 2.1 0.4887 68.4 0.00106 0.004
560 67.477313 2.1 0.5585 500.0 0.00106 0.004
561 67.186507 2.1 0.5585 466.8 0.00106 0.004
562 66.911204 2.1 0.5585 433.6 0.00106 0.004
563 66.593832 2.1 0.5585 400.4 0.00106 0.004
564 66.23045 2.1 0.5585 367.2000000000001 0.00106 0.004
565 65.787659 2.1 0.5585 334.0 0.00106 0.004
566 65.23485 2.1 0.5585 300.8 0.00106 0.004
567 64.594492 2.1 0.5585 267.6 0.00106 0.004
568 63.836166 2.1 0.5585 234.4 0.00106 0.004
569 63.092668 2.1 0.5585 201.2 0.00106 0.004
570 61.964072 2.1 0.5585 168.0 0.00106 0.004
571 60.320807 2.1 0.5585 134.8 0.00106 0.004
572 56.824033 2.1 0.5585 101.6 0.00106 0.004
573 46.628527 2.1 0.5585 68.4 0.00106 0.004
574 70.759492 2.1 0.6283 500.0 0.00106 0.004
575 70.575505 2.1 0.6283 466.8 0.00106 0.004
576 70.360835 2.1 0.6283 433.6 0.00106 0.004
577 70.093711 2.1 0.6283 400.4 0.00106 0.004
578 69.778059 2.1 0.6283 367.2000000000001 0.00106 0.004
579 69.395263 2.1 0.6283 334.0 0.00106 0.004
580 68.965922 2.1 0.6283 300.8 0.00106 0.004
581 68.464879 2.1 0.6283 267.6 0.00106 0.004
582 67.888603 2.1 0.6283 234.4 0.00106 0.004
583 67.13411 2.1 0.6283 201.2 0.00106 0.004
584 65.998871 2.1 0.6283 168.0 0.00106 0.004
585 64.585809 2.1 0.6283 134.8 0.00106 0.004
586 61.900554 2.1 0.6283 101.6 0.00106 0.004
587 54.410511 2.1 0.6283 68.4 0.00106 0.004
588 75.116781 2.1 0.6981 500.0 0.00106 0.004
589 74.945997 2.1 0.6981 466.8 0.00106 0.004
590 74.728669 2.1 0.6981 433.6 0.00106 0.004
591 74.440365 2.1 0.6981 400.4 0.00106 0.004
592 74.141301 2.1 0.6981 367.2000000000001 0.00106 0.004
593 73.742837 2.1 0.6981 334.0 0.00106 0.004
594 73.305898 2.1 0.6981 300.8 0.00106 0.004
595 72.841138 2.1 0.6981 267.6 0.00106 0.004
596 72.328665 2.1 0.6981 234.4 0.00106 0.004
597 71.568491 2.1 0.6981 201.2 0.00106 0.004
598 70.568501 2.1 0.6981 168.0 0.00106 0.004
599 69.175816 2.1 0.6981 134.8 0.00106 0.004
600 67.094426 2.1 0.6981 101.6 0.00106 0.004
601 61.604119 2.1 0.6981 68.4 0.00106 0.004
602 78.381421 2.1 0.7679 500.0 0.00106 0.004
603 78.264099 2.1 0.7679 466.8 0.00106 0.004
604 78.076564 2.1 0.7679 433.6 0.00106 0.004
605 77.836028 2.1 0.7679 400.4 0.00106 0.004
606 77.512932 2.1 0.7679 367.2000000000001 0.00106 0.004
607 77.218018 2.1 0.7679 334.0 0.00106 0.004
608 76.803017 2.1 0.7679 300.8 0.00106 0.004
609 76.366688 2.1 0.7679 267.6 0.00106 0.004
610 75.831353 2.1 0.7679 234.4 0.00106 0.004
611 75.070686 2.1 0.7679 201.2 0.00106 0.004
612 74.326195 2.1 0.7679 168.0 0.00106 0.004
613 73.05987 2.1 0.7679 134.8 0.00106 0.004
614 71.19651 2.1 0.7679 101.6 0.00106 0.004
615 66.797808 2.1 0.7679 68.4 0.00106 0.004
616 81.300259 2.1 0.8378 500.0 0.00106 0.004
617 81.184922 2.1 0.8378 466.8 0.00106 0.004
618 81.05276 2.1 0.8378 433.6 0.00106 0.004
619 80.870089 2.1 0.8378 400.4 0.00106 0.004
620 80.667207 2.1 0.8378 367.2000000000001 0.00106 0.004
621 80.432104 2.1 0.8378 334.0 0.00106 0.004
622 80.101874 2.1 0.8378 300.8 0.00106 0.004
623 79.681209 2.1 0.8378 267.6 0.00106 0.004
624 79.192714 2.1 0.8378 234.4 0.00106 0.004
625 78.595664 2.1 0.8378 201.2 0.00106 0.004
626 77.716138 2.1 0.8378 168.0 0.00106 0.004
627 76.587096 2.1 0.8378 134.8 0.00106 0.004
628 75.07056 2.1 0.8378 101.6 0.00106 0.004
629 71.487949 2.1 0.8378 68.4 0.00106 0.004
630 43.345546 2.4 0.2793 500.0 0.00106 0.004
631 43.115495 2.4 0.2793 466.8 0.00106 0.004
632 42.76343 2.4 0.2793 433.6 0.00106 0.004
633 42.524407 2.4 0.2793 400.4 0.00106 0.004
634 42.14696 2.4 0.2793 367.2000000000001 0.00106 0.004
635 41.272275 2.4 0.2793 334.0 0.00106 0.004
636 40.231211 2.4 0.2793 300.8 0.00106 0.004
637 38.606185 2.4 0.2793 267.6 0.00106 0.004
638 36.960385 2.4 0.2793 234.4 0.00106 0.004
639 34.642302 2.4 0.2793 201.2 0.00106 0.004
640 31.546045 2.4 0.2793 168.0 0.00106 0.004
641 24.718501 2.4 0.2793 134.8 0.00106 0.004
642 12.765531 2.4 0.2793 101.6 0.00106 0.004
643 0.35729294 2.4 0.2793 68.4 0.00106 0.004
644 51.820871 2.4 0.3491 500.0 0.00106 0.004
645 51.559182 2.4 0.3491 466.8 0.00106 0.004
646 51.233925 2.4 0.3491 433.6 0.00106 0.004
647 50.835162 2.4 0.3491 400.4 0.00106 0.004
648 50.365994 2.4 0.3491 367.2000000000001 0.00106 0.004
649 49.657307 2.4 0.3491 334.0 0.00106 0.004
650 48.638813 2.4 0.3491 300.8 0.00106 0.004
651 47.668787 2.4 0.3491 267.6 0.00106 0.004
652 46.439793 2.4 0.3491 234.4 0.00106 0.004
653 44.94375 2.4 0.3491 201.2 0.00106 0.004
654 43.061321 2.4 0.3491 168.0 0.00106 0.004
655 39.936508 2.4 0.3491 134.8 0.00106 0.004
656 31.071104 2.4 0.3491 101.6 0.00106 0.004
657 10.866885 2.4 0.3491 68.4 0.00106 0.004
658 58.234734 2.4 0.4189 500.0 0.00106 0.004
659 57.961947 2.4 0.4189 466.8 0.00106 0.004
660 57.553065 2.4 0.4189 433.6 0.00106 0.004
661 57.06273 2.4 0.4189 400.4 0.00106 0.004
662 56.587235 2.4 0.4189 367.2000000000001 0.00106 0.004
663 55.976309 2.4 0.4189 334.0 0.00106 0.004
664 55.269202 2.4 0.4189 300.8 0.00106 0.004
665 54.598131 2.4 0.4189 267.6 0.00106 0.004
666 53.672789 2.4 0.4189 234.4 0.00106 0.004
667 52.62843 2.4 0.4189 201.2 0.00106 0.004
668 43.061321 2.4 0.4189 168.0 0.00106 0.004
669 49.44007 2.4 0.4189 134.8 0.00106 0.004
670 44.066742 2.4 0.4189 101.6 0.00106 0.004
671 25.165842 2.4 0.4189 68.4 0.00106 0.004
672 63.343227 2.4 0.4887 500.0 0.00106 0.004
673 63.107617 2.4 0.4887 466.8 0.00106 0.004
674 62.924537 2.4 0.4887 433.6 0.00106 0.004
675 62.587959 2.4 0.4887 400.4 0.00106 0.004
676 62.152057 2.4 0.4887 367.2000000000001 0.00106 0.004
677 61.807426 2.4 0.4887 334.0 0.00106 0.004
678 61.174683 2.4 0.4887 300.8 0.00106 0.004
679 60.617353 2.4 0.4887 267.6 0.00106 0.004
680 59.794287 2.4 0.4887 234.4 0.00106 0.004
681 58.79078 2.4 0.4887 201.2 0.00106 0.004
682 57.566915 2.4 0.4887 168.0 0.00106 0.004
683 55.934619 2.4 0.4887 134.8 0.00106 0.004
684 52.574313 2.4 0.4887 101.6 0.00106 0.004
685 41.405034 2.4 0.4887 68.4 0.00106 0.004
686 67.940041 2.4 0.5585 500.0 0.00106 0.004
687 67.688383 2.4 0.5585 466.8 0.00106 0.004
688 67.458311 2.4 0.5585 433.6 0.00106 0.004
689 67.118495 2.4 0.5585 400.4 0.00106 0.004
690 66.769763 2.4 0.5585 367.2000000000001 0.00106 0.004
691 66.397045 2.4 0.5585 334.0 0.00106 0.004
692 65.917421 2.4 0.5585 300.8 0.00106 0.004
693 65.315313 2.4 0.5585 267.6 0.00106 0.004
694 64.58715 2.4 0.5585 234.4 0.00106 0.004
695 63.702046 2.4 0.5585 201.2 0.00106 0.004
696 62.778466 2.4 0.5585 168.0 0.00106 0.004
697 61.382795 2.4 0.5585 134.8 0.00106 0.004
698 58.693767 2.4 0.5585 101.6 0.00106 0.004
699 51.276328 2.4 0.5585 68.4 0.00106 0.004
700 71.068194 2.4 0.6283 500.0 0.00106 0.004
701 70.946068 2.4 0.6283 466.8 0.00106 0.004
702 70.733044 2.4 0.6283 433.6 0.00106 0.004
703 70.513441 2.4 0.6283 400.4 0.00106 0.004
704 70.253723 2.4 0.6283 367.2000000000001 0.00106 0.004
705 69.910834 2.4 0.6283 334.0 0.00106 0.004
706 69.511729 2.4 0.6283 300.8 0.00106 0.004
707 69.002014 2.4 0.6283 267.6 0.00106 0.004
708 68.445975 2.4 0.6283 234.4 0.00106 0.004
709 67.772509 2.4 0.6283 201.2 0.00106 0.004
710 66.792514 2.4 0.6283 168.0 0.00106 0.004
711 65.424338 2.4 0.6283 134.8 0.00106 0.004
712 63.181627 2.4 0.6283 101.6 0.00106 0.004
713 57.91204 2.4 0.6283 68.4 0.00106 0.004
714 75.402902 2.4 0.6981 500.0 0.00106 0.004
715 75.264744 2.4 0.6981 466.8 0.00106 0.004
716 75.102321 2.4 0.6981 433.6 0.00106 0.004
717 74.875624 2.4 0.6981 400.4 0.00106 0.004
718 74.595809 2.4 0.6981 367.2000000000001 0.00106 0.004
719 74.274029 2.4 0.6981 334.0 0.00106 0.004
720 73.86108 2.4 0.6981 300.8 0.00106 0.004
721 73.369922 2.4 0.6981 267.6 0.00106 0.004
722 72.851522 2.4 0.6981 234.4 0.00106 0.004
723 72.213454 2.4 0.6981 201.2 0.00106 0.004
724 71.293728 2.4 0.6981 168.0 0.00106 0.004
725 70.031017 2.4 0.6981 134.8 0.00106 0.004
726 68.206045 2.4 0.6981 101.6 0.00106 0.004
727 63.86315 2.4 0.6981 68.4 0.00106 0.004
728 78.576898 2.4 0.7679 500.0 0.00106 0.004
729 78.465603 2.4 0.7679 466.8 0.00106 0.004
730 78.357818 2.4 0.7679 433.6 0.00106 0.004
731 78.226509 2.4 0.7679 400.4 0.00106 0.004
732 77.976039 2.4 0.7679 367.2000000000001 0.00106 0.004
733 77.649079 2.4 0.7679 334.0 0.00106 0.004
734 77.280166 2.4 0.7679 300.8 0.00106 0.004
735 76.86427 2.4 0.7679 267.6 0.00106 0.004
736 76.377178 2.4 0.7679 234.4 0.00106 0.004
737 75.732041 2.4 0.7679 201.2 0.00106 0.004
738 74.82238 2.4 0.7679 168.0 0.00106 0.004
739 73.875698 2.4 0.7679 134.8 0.00106 0.004
740 72.102623 2.4 0.7679 101.6 0.00106 0.004
741 68.489498 2.4 0.7679 68.4 0.00106 0.004
742 81.345026 2.4 0.8378 500.0 0.00106 0.004
743 81.361912 2.4 0.8378 466.8 0.00106 0.004
744 81.285285 2.4 0.8378 433.6 0.00106 0.004
745 81.148104 2.4 0.8378 400.4 0.00106 0.004
746 81.002148 2.4 0.8378 367.2000000000001 0.00106 0.004
747 80.763481 2.4 0.8378 334.0 0.00106 0.004
748 80.480215 2.4 0.8378 300.8 0.00106 0.004
749 80.150649 2.4 0.8378 267.6 0.00106 0.004
750 79.670551 2.4 0.8378 234.4 0.00106 0.004
751 79.085335 2.4 0.8378 201.2 0.00106 0.004
752 78.363719 2.4 0.8378 168.0 0.00106 0.004
753 77.331373 2.4 0.8378 134.8 0.00106 0.004
754 75.835224 2.4 0.8378 101.6 0.00106 0.004
755 72.824123 2.4 0.8378 68.4 0.00106 0.004
756 43.772542 2.7 0.2793 500.0 0.00106 0.004
757 43.481515 2.7 0.2793 466.8 0.00106 0.004
758 43.280464 2.7 0.2793 433.6 0.00106 0.004
759 42.993927 2.7 0.2793 400.4 0.00106 0.004
760 42.609579 2.7 0.2793 367.2000000000001 0.00106 0.004
761 42.244286 2.7 0.2793 334.0 0.00106 0.004
762 41.532448 2.7 0.2793 300.8 0.00106 0.004
763 40.278685 2.7 0.2793 267.6 0.00106 0.004
764 38.404988 2.7 0.2793 234.4 0.00106 0.004
765 36.518139 2.7 0.2793 201.2 0.00106 0.004
766 33.505982 2.7 0.2793 168.0 0.00106 0.004
767 28.979252 2.7 0.2793 134.8 0.00106 0.004
768 18.000305 2.7 0.2793 101.6 0.00106 0.004
769 4.3537944 2.7 0.2793 68.4 0.00106 0.004
770 52.189003 2.7 0.3491 500.0 0.00106 0.004
771 51.97252 2.7 0.3491 466.8 0.00106 0.004
772 51.776573 2.7 0.3491 433.6 0.00106 0.004
773 51.449439 2.7 0.3491 400.4 0.00106 0.004
774 50.99818 2.7 0.3491 367.2000000000001 0.00106 0.004
775 50.526316 2.7 0.3491 334.0 0.00106 0.004
776 49.934106 2.7 0.3491 300.8 0.00106 0.004
777 48.704903 2.7 0.3491 267.6 0.00106 0.004
778 47.496386 2.7 0.3491 234.4 0.00106 0.004
779 46.052883 2.7 0.3491 201.2 0.00106 0.004
780 44.251175 2.7 0.3491 168.0 0.00106 0.004
781 41.912825 2.7 0.3491 134.8 0.00106 0.004
782 35.829915 2.7 0.3491 101.6 0.00106 0.004
783 16.278778 2.7 0.3491 68.4 0.00106 0.004
784 58.700323 2.7 0.4189 500.0 0.00106 0.004
785 58.41791 2.7 0.4189 466.8 0.00106 0.004
786 58.134405 2.7 0.4189 433.6 0.00106 0.004
787 57.76797 2.7 0.4189 400.4 0.00106 0.004
788 57.288127 2.7 0.4189 367.2000000000001 0.00106 0.004
789 56.706545 2.7 0.4189 334.0 0.00106 0.004
790 56.042788 2.7 0.4189 300.8 0.00106 0.004
791 55.233705 2.7 0.4189 267.6 0.00106 0.004
792 54.45199 2.7 0.4189 234.4 0.00106 0.004
793 53.383406 2.7 0.4189 201.2 0.00106 0.004
794 52.205152 2.7 0.4189 168.0 0.00106 0.004
795 50.49343 2.7 0.4189 134.8 0.00106 0.004
796 46.655932 2.7 0.4189 101.6 0.00106 0.004
797 32.771746 2.7 0.4189 68.4 0.00106 0.004
798 63.707938 2.7 0.4887 500.0 0.00106 0.004
799 63.523345 2.7 0.4887 466.8 0.00106 0.004
800 63.26775 2.7 0.4887 433.6 0.00106 0.004
801 63.05457 2.7 0.4887 400.4 0.00106 0.004
802 62.7111 2.7 0.4887 367.2000000000001 0.00106 0.004
803 62.244295 2.7 0.4887 334.0 0.00106 0.004
804 61.858323 2.7 0.4887 300.8 0.00106 0.004
805 61.181871 2.7 0.4887 267.6 0.00106 0.004
806 60.569428 2.7 0.4887 234.4 0.00106 0.004
807 59.573256 2.7 0.4887 201.2 0.00106 0.004
808 58.356292 2.7 0.4887 168.0 0.00106 0.004
809 56.847838 2.7 0.4887 134.8 0.00106 0.004
810 54.336497 2.7 0.4887 101.6 0.00106 0.004
811 46.139741 2.7 0.4887 68.4 0.00106 0.004
812 68.219889 2.7 0.5585 500.0 0.00106 0.004
813 68.076877 2.7 0.5585 466.8 0.00106 0.004
814 67.852006 2.7 0.5585 433.6 0.00106 0.004
815 67.57173 2.7 0.5585 400.4 0.00106 0.004
816 67.204806 2.7 0.5585 367.2000000000001 0.00106 0.004
817 66.857977 2.7 0.5585 334.0 0.00106 0.004
818 66.450692 2.7 0.5585 300.8 0.00106 0.004
819 65.92438 2.7 0.5585 267.6 0.00106 0.004
820 65.233738 2.7 0.5585 234.4 0.00106 0.004
821 64.378066 2.7 0.5585 201.2 0.00106 0.004
822 63.376173 2.7 0.5585 168.0 0.00106 0.004
823 62.093985 2.7 0.5585 134.8 0.00106 0.004
824 59.982486 2.7 0.5585 101.6 0.00106 0.004
825 54.206521 2.7 0.5585 68.4 0.00106 0.004
826 71.303414 2.7 0.6283 500.0 0.00106 0.004
827 71.168646 2.7 0.6283 466.8 0.00106 0.004
828 71.002015 2.7 0.6283 433.6 0.00106 0.004
829 70.829833 2.7 0.6283 400.4 0.00106 0.004
830 70.595942 2.7 0.6283 367.2000000000001 0.00106 0.004
831 70.349245 2.7 0.6283 334.0 0.00106 0.004
832 69.951099 2.7 0.6283 300.8 0.00106 0.004
833 69.476012 2.7 0.6283 267.6 0.00106 0.004
834 68.963916 2.7 0.6283 234.4 0.00106 0.004
835 68.27974 2.7 0.6283 201.2 0.00106 0.004
836 67.466501 2.7 0.6283 168.0 0.00106 0.004
837 66.090661 2.7 0.6283 134.8 0.00106 0.004
838 64.226946 2.7 0.6283 101.6 0.00106 0.004
839 59.803677 2.7 0.6283 68.4 0.00106 0.004
840 75.550658 2.7 0.6981 500.0 0.00106 0.004
841 75.451253 2.7 0.6981 466.8 0.00106 0.004
842 75.332722 2.7 0.6981 433.6 0.00106 0.004
843 75.154181 2.7 0.6981 400.4 0.00106 0.004
844 74.960834 2.7 0.6981 367.2000000000001 0.00106 0.004
845 74.662089 2.7 0.6981 334.0 0.00106 0.004
846 74.317353 2.7 0.6981 300.8 0.00106 0.004
847 73.851878 2.7 0.6981 267.6 0.00106 0.004
848 73.308791 2.7 0.6981 234.4 0.00106 0.004
849 72.699911 2.7 0.6981 201.2 0.00106 0.004
850 71.901093 2.7 0.6981 168.0 0.00106 0.004
851 70.704855 2.7 0.6981 134.8 0.00106 0.004
852 68.924443 2.7 0.6981 101.6 0.00106 0.004
853 65.478962 2.7 0.6981 68.4 0.00106 0.004
854 78.645212 2.7 0.7679 500.0 0.00106 0.004
855 78.596425 2.7 0.7679 466.8 0.00106 0.004
856 78.538165 2.7 0.7679 433.6 0.00106 0.004
857 78.417704 2.7 0.7679 400.4 0.00106 0.004
858 78.281005 2.7 0.7679 367.2000000000001 0.00106 0.004
859 78.028667 2.7 0.7679 334.0 0.00106 0.004
860 77.680366 2.7 0.7679 300.8 0.00106 0.004
861 77.26367 2.7 0.7679 267.6 0.00106 0.004
862 76.798085 2.7 0.7679 234.4 0.00106 0.004
863 76.219279 2.7 0.7679 201.2 0.00106 0.004
864 75.403765 2.7 0.7679 168.0 0.00106 0.004
865 74.421023 2.7 0.7679 134.8 0.00106 0.004
866 72.817191 2.7 0.7679 101.6 0.00106 0.004
867 69.766722 2.7 0.7679 68.4 0.00106 0.004
868 81.233894 2.7 0.8378 500.0 0.00106 0.004
869 81.318816 2.7 0.8378 466.8 0.00106 0.004
870 81.351277 2.7 0.8378 433.6 0.00106 0.004
871 81.297468 2.7 0.8378 400.4 0.00106 0.004
872 81.177544 2.7 0.8378 367.2000000000001 0.00106 0.004
873 81.035316 2.7 0.8378 334.0 0.00106 0.004
874 80.778984 2.7 0.8378 300.8 0.00106 0.004
875 80.465004 2.7 0.8378 267.6 0.00106 0.004
876 80.106656 2.7 0.8378 234.4 0.00106 0.004
877 79.534099 2.7 0.8378 201.2 0.00106 0.004
878 78.796307 2.7 0.8378 168.0 0.00106 0.004
879 77.851028 2.7 0.8378 134.8 0.00106 0.004
880 76.414872 2.7 0.8378 101.6 0.00106 0.004
881 73.675835 2.7 0.8378 68.4 0.00106 0.004
882 44.190832 3.0 0.2793 500.0 0.00106 0.004
883 43.873062 3.0 0.2793 466.8 0.00106 0.004
884 43.564084 3.0 0.2793 433.6 0.00106 0.004
885 43.33318 3.0 0.2793 400.4 0.00106 0.004
886 43.026905 3.0 0.2793 367.2000000000001 0.00106 0.004
887 42.719963 3.0 0.2793 334.0 0.00106 0.004
888 42.231432 3.0 0.2793 300.8 0.00106 0.004
889 41.517992 3.0 0.2793 267.6 0.00106 0.004
890 40.066528 3.0 0.2793 234.4 0.00106 0.004
891 37.797161 3.0 0.2793 201.2 0.00106 0.004
892 35.270831 3.0 0.2793 168.0 0.00106 0.004
893 31.605115 3.0 0.2793 134.8 0.00106 0.004
894 22.923369 3.0 0.2793 101.6 0.00106 0.004
895 6.7943686 3.0 0.2793 68.4 0.00106 0.004
896 52.367349 3.0 0.3491 500.0 0.00106 0.004
897 52.258264 3.0 0.3491 466.8 0.00106 0.004
898 52.102011 3.0 0.3491 433.6 0.00106 0.004
899 51.898053 3.0 0.3491 400.4 0.00106 0.004
900 51.568075 3.0 0.3491 367.2000000000001 0.00106 0.004
901 51.157227 3.0 0.3491 334.0 0.00106 0.004
902 50.592661 3.0 0.3491 300.8 0.00106 0.004
903 49.813272 3.0 0.3491 267.6 0.00106 0.004
904 48.464087 3.0 0.3491 234.4 0.00106 0.004
905 47.018651 3.0 0.3491 201.2 0.00106 0.004
906 45.302457 3.0 0.3491 168.0 0.00106 0.004
907 43.055891 3.0 0.3491 134.8 0.00106 0.004
908 38.58738 3.0 0.3491 101.6 0.00106 0.004
909 21.562083 3.0 0.3491 68.4 0.00106 0.004
910 59.051191 3.0 0.4189 500.0 0.00106 0.004
911 58.853077 3.0 0.4189 466.8 0.00106 0.004
912 58.568729 3.0 0.4189 433.6 0.00106 0.004
913 58.216961 3.0 0.4189 400.4 0.00106 0.004
914 57.882263 3.0 0.4189 367.2000000000001 0.00106 0.004
915 57.375306 3.0 0.4189 334.0 0.00106 0.004
916 56.695799 3.0 0.4189 300.8 0.00106 0.004
917 55.904591 3.0 0.4189 267.6 0.00106 0.004
918 55.037573 3.0 0.4189 234.4 0.00106 0.004
919 54.160626 3.0 0.4189 201.2 0.00106 0.004
920 52.897514 3.0 0.4189 168.0 0.00106 0.004
921 51.257987 3.0 0.4189 134.8 0.00106 0.004
922 48.589259 3.0 0.4189 101.6 0.00106 0.004
923 38.660644 3.0 0.4189 68.4 0.00106 0.004
924 64.018406 3.0 0.4887 500.0 0.00106 0.004
925 63.84494 3.0 0.4887 466.8 0.00106 0.004
926 63.607452 3.0 0.4887 433.6 0.00106 0.004
927 63.343734 3.0 0.4887 400.4 0.00106 0.004
928 63.106657 3.0 0.4887 367.2000000000001 0.00106 0.004
929 62.77466 3.0 0.4887 334.0 0.00106 0.004
930 62.22736 3.0 0.4887 300.8 0.00106 0.004
931 61.788317 3.0 0.4887 267.6 0.00106 0.004
932 61.083294 3.0 0.4887 234.4 0.00106 0.004
933 60.268557 3.0 0.4887 201.2 0.00106 0.004
934 59.04953 3.0 0.4887 168.0 0.00106 0.004
935 57.548497 3.0 0.4887 134.8 0.00106 0.004
936 55.363643 3.0 0.4887 101.6 0.00106 0.004
937 49.036993 3.0 0.4887 68.4 0.00106 0.004
938 68.42111 3.0 0.5585 500.0 0.00106 0.004
939 68.274948 3.0 0.5585 466.8 0.00106 0.004
940 68.108289 3.0 0.5585 433.6 0.00106 0.004
941 67.938534 3.0 0.5585 400.4 0.00106 0.004
942 67.616681 3.0 0.5585 367.2000000000001 0.00106 0.004
943 67.253488 3.0 0.5585 334.0 0.00106 0.004
944 66.860086 3.0 0.5585 300.8 0.00106 0.004
945 66.400369 3.0 0.5585 267.6 0.00106 0.004
946 65.784634 3.0 0.5585 234.4 0.00106 0.004
947 64.994216 3.0 0.5585 201.2 0.00106 0.004
948 63.912578 3.0 0.5585 168.0 0.00106 0.004
949 62.767444 3.0 0.5585 134.8 0.00106 0.004
950 60.903011 3.0 0.5585 101.6 0.00106 0.004
951 56.018197 3.0 0.5585 68.4 0.00106 0.004
952 71.410314 3.0 0.6283 500.0 0.00106 0.004
953 71.326875 3.0 0.6283 466.8 0.00106 0.004
954 71.206268 3.0 0.6283 433.6 0.00106 0.004
955 71.080268 3.0 0.6283 400.4 0.00106 0.004
956 70.879774 3.0 0.6283 367.2000000000001 0.00106 0.004
957 70.618458 3.0 0.6283 334.0 0.00106 0.004
958 70.328455 3.0 0.6283 300.8 0.00106 0.004
959 69.907864 3.0 0.6283 267.6 0.00106 0.004
960 69.384359 3.0 0.6283 234.4 0.00106 0.004
961 68.718366 3.0 0.6283 201.2 0.00106 0.004
962 67.885803 3.0 0.6283 168.0 0.00106 0.004
963 66.740588 3.0 0.6283 134.8 0.00106 0.004
964 64.877928 3.0 0.6283 101.6 0.00106 0.004
965 61.443687 3.0 0.6283 68.4 0.00106 0.004
966 75.562177 3.0 0.6981 500.0 0.00106 0.004
967 75.553096 3.0 0.6981 466.8 0.00106 0.004
968 75.479794 3.0 0.6981 433.6 0.00106 0.004
969 75.348217 3.0 0.6981 400.4 0.00106 0.004
970 75.199657 3.0 0.6981 367.2000000000001 0.00106 0.004
971 74.990119 3.0 0.6981 334.0 0.00106 0.004
972 74.660838 3.0 0.6981 300.8 0.00106 0.004
973 74.258336 3.0 0.6981 267.6 0.00106 0.004
974 73.749352 3.0 0.6981 234.4 0.00106 0.004
975 73.094214 3.0 0.6981 201.2 0.00106 0.004
976 72.382636 3.0 0.6981 168.0 0.00106 0.004
977 71.281365 3.0 0.6981 134.8 0.00106 0.004
978 69.617988 3.0 0.6981 101.6 0.00106 0.004
979 66.483456 3.0 0.6981 68.4 0.00106 0.004
980 78.491558 3.0 0.7679 500.0 0.00106 0.004
981 78.588387 3.0 0.7679 466.8 0.00106 0.004
982 78.600547 3.0 0.7679 433.6 0.00106 0.004
983 78.537334 3.0 0.7679 400.4 0.00106 0.004
984 78.422675 3.0 0.7679 367.2000000000001 0.00106 0.004
985 78.282662 3.0 0.7679 334.0 0.00106 0.004
986 78.01133 3.0 0.7679 300.8 0.00106 0.004
987 77.609493 3.0 0.7679 267.6 0.00106 0.004
988 77.168715 3.0 0.7679 234.4 0.00106 0.004
989 76.619537 3.0 0.7679 201.2 0.00106 0.004
990 75.913213 3.0 0.7679 168.0 0.00106 0.004
991 71.281365 3.0 0.7679 134.8 0.00106 0.004
992 73.510371 3.0 0.7679 101.6 0.00106 0.004
993 70.546506 3.0 0.7679 68.4 0.00106 0.004
994 81.017643 3.0 0.8378 500.0 0.00106 0.004
995 81.132301 3.0 0.8378 466.8 0.00106 0.004
996 81.278924 3.0 0.8378 433.6 0.00106 0.004
997 81.325903 3.0 0.8378 400.4 0.00106 0.004
998 81.30075 3.0 0.8378 367.2000000000001 0.00106 0.004
999 81.190895 3.0 0.8378 334.0 0.00106 0.004
1000 81.017594 3.0 0.8378 300.8 0.00106 0.004
1001 80.718961 3.0 0.8378 267.6 0.00106 0.004
1002 80.395668 3.0 0.8378 234.4 0.00106 0.004
1003 79.902817 3.0 0.8378 201.2 0.00106 0.004
1004 79.220924 3.0 0.8378 168.0 0.00106 0.004
1005 78.32851 3.0 0.8378 134.8 0.00106 0.004
1006 76.923739 3.0 0.8378 101.6 0.00106 0.004
1007 74.531494 3.0 0.8378 68.4 0.00106 0.004
1008 44.600639 3.4 0.2793 500.0 0.00106 0.004
1009 44.32687 3.4 0.2793 466.8 0.00106 0.004
1010 44.079888 3.4 0.2793 433.6 0.00106 0.004
1011 43.75283 3.4 0.2793 400.4 0.00106 0.004
1012 43.411375 3.4 0.2793 367.2000000000001 0.00106 0.004
1013 43.083988 3.4 0.2793 334.0 0.00106 0.004
1014 42.798313 3.4 0.2793 300.8 0.00106 0.004
1015 42.315311 3.4 0.2793 267.6 0.00106 0.004
1016 41.558093 3.4 0.2793 234.4 0.00106 0.004
1017 39.634504 3.4 0.2793 201.2 0.00106 0.004
1018 37.056702 3.4 0.2793 168.0 0.00106 0.004
1019 33.636391 3.4 0.2793 134.8 0.00106 0.004
1020 26.817541 3.4 0.2793 101.6 0.00106 0.004
1021 10.642334 3.4 0.2793 68.4 0.00106 0.004
1022 52.670316 3.4 0.3491 500.0 0.00106 0.004
1023 52.459277 3.4 0.3491 466.8 0.00106 0.004
1024 52.344809 3.4 0.3491 433.6 0.00106 0.004
1025 52.179211 3.4 0.3491 400.4 0.00106 0.004
1026 52.008486 3.4 0.3491 367.2000000000001 0.00106 0.004
1027 51.650676 3.4 0.3491 334.0 0.00106 0.004
1028 51.283128 3.4 0.3491 300.8 0.00106 0.004
1029 50.676359 3.4 0.3491 267.6 0.00106 0.004
1030 49.768702 3.4 0.3491 234.4 0.00106 0.004
1031 48.23581 3.4 0.3491 201.2 0.00106 0.004
1032 46.402773 3.4 0.3491 168.0 0.00106 0.004
1033 44.361817 3.4 0.3491 134.8 0.00106 0.004
1034 41.292271 3.4 0.3491 101.6 0.00106 0.004
1035 28.480585 3.4 0.3491 68.4 0.00106 0.004
1036 59.341623 3.4 0.4189 500.0 0.00106 0.004
1037 59.205752 3.4 0.4189 466.8 0.00106 0.004
1038 58.977117 3.4 0.4189 433.6 0.00106 0.004
1039 58.776134 3.4 0.4189 400.4 0.00106 0.004
1040 58.400764 3.4 0.4189 367.2000000000001 0.00106 0.004
1041 58.007061 3.4 0.4189 334.0 0.00106 0.004
1042 57.525003 3.4 0.4189 300.8 0.00106 0.004
1043 56.777028 3.4 0.4189 267.6 0.00106 0.004
1044 55.877808 3.4 0.4189 234.4 0.00106 0.004
1045 54.817493 3.4 0.4189 201.2 0.00106 0.004
1046 53.777506 3.4 0.4189 168.0 0.00106 0.004
1047 52.193366 3.4 0.4189 134.8 0.00106 0.004
1048 50.036087 3.4 0.4189 101.6 0.00106 0.004
1049 42.808858 3.4 0.4189 68.4 0.00106 0.004
1050 64.257451 3.4 0.4887 500.0 0.00106 0.004
1051 64.119773 3.4 0.4887 466.8 0.00106 0.004
1052 63.939881 3.4 0.4887 433.6 0.00106 0.004
1053 63.746913 3.4 0.4887 400.4 0.00106 0.004
1054 63.50986 3.4 0.4887 367.2000000000001 0.00106 0.004
1055 63.190825 3.4 0.4887 334.0 0.00106 0.004
1056 62.854464 3.4 0.4887 300.8 0.00106 0.004
1057 62.247811 3.4 0.4887 267.6 0.00106 0.004
1058 61.731508 3.4 0.4887 234.4 0.00106 0.004
1059 60.915422 3.4 0.4887 201.2 0.00106 0.004
1060 59.880062 3.4 0.4887 168.0 0.00106 0.004
1061 58.356897 3.4 0.4887 134.8 0.00106 0.004
1062 56.389895 3.4 0.4887 101.6 0.00106 0.004
1063 51.562253 3.4 0.4887 68.4 0.00106 0.004
1064 68.607162 3.4 0.5585 500.0 0.00106 0.004
1065 68.518381 3.4 0.5585 466.8 0.00106 0.004
1066 68.351285 3.4 0.5585 433.6 0.00106 0.004
1067 68.217063 3.4 0.5585 400.4 0.00106 0.004
1068 68.039375 3.4 0.5585 367.2000000000001 0.00106 0.004
1069 67.696279 3.4 0.5585 334.0 0.00106 0.004
1070 67.337886 3.4 0.5585 300.8 0.00106 0.004
1071 66.901587 3.4 0.5585 267.6 0.00106 0.004
1072 66.371932 3.4 0.5585 234.4 0.00106 0.004
1073 65.64673 3.4 0.5585 201.2 0.00106 0.004
1074 64.579166 3.4 0.5585 168.0 0.00106 0.004
1075 63.406074 3.4 0.5585 134.8 0.00106 0.004
1076 61.787613 3.4 0.5585 101.6 0.00106 0.004
1077 58.130065 3.4 0.5585 68.4 0.00106 0.004
1078 71.329419 3.4 0.6283 500.0 0.00106 0.004
1079 71.371508 3.4 0.6283 466.8 0.00106 0.004
1080 71.363647 3.4 0.6283 433.6 0.00106 0.004
1081 71.294086 3.4 0.6283 400.4 0.00106 0.004
1082 71.139761 3.4 0.6283 367.2000000000001 0.00106 0.004
1083 70.927812 3.4 0.6283 334.0 0.00106 0.004
1084 70.622757 3.4 0.6283 300.8 0.00106 0.004
1085 70.340427 3.4 0.6283 267.6 0.00106 0.004
1086 69.856797 3.4 0.6283 234.4 0.00106 0.004
1087 69.250873 3.4 0.6283 201.2 0.00106 0.004
1088 68.442409 3.4 0.6283 168.0 0.00106 0.004
1089 67.497554 3.4 0.6283 134.8 0.00106 0.004
1090 65.791948 3.4 0.6283 101.6 0.00106 0.004
1091 62.846019 3.4 0.6283 68.4 0.00106 0.004
1092 75.470584 3.4 0.6981 500.0 0.00106 0.004
1093 75.568074 3.4 0.6981 466.8 0.00106 0.004
1094 75.522917 3.4 0.6981 433.6 0.00106 0.004
1095 75.513462 3.4 0.6981 400.4 0.00106 0.004
1096 75.378041 3.4 0.6981 367.2000000000001 0.00106 0.004
1097 75.243024 3.4 0.6981 334.0 0.00106 0.004
1098 75.019002 3.4 0.6981 300.8 0.00106 0.004
1099 74.686269 3.4 0.6981 267.6 0.00106 0.004
1100 74.23566 3.4 0.6981 234.4 0.00106 0.004
1101 73.596893 3.4 0.6981 201.2 0.00106 0.004
1102 72.871175 3.4 0.6981 168.0 0.00106 0.004
1103 71.939263 3.4 0.6981 134.8 0.00106 0.004
1104 70.338369 3.4 0.6981 101.6 0.00106 0.004
1105 67.618667 3.4 0.6981 68.4 0.00106 0.004
1106 78.102563 3.4 0.7679 500.0 0.00106 0.004
1107 78.316934 3.4 0.7679 466.8 0.00106 0.004
1108 78.472031 3.4 0.7679 433.6 0.00106 0.004
1109 78.581754 3.4 0.7679 400.4 0.00106 0.004
1110 78.532582 3.4 0.7679 367.2000000000001 0.00106 0.004
1111 78.420954 3.4 0.7679 334.0 0.00106 0.004
1112 78.280049 3.4 0.7679 300.8 0.00106 0.004
1113 78.009403 3.4 0.7679 267.6 0.00106 0.004
1114 77.584885 3.4 0.7679 234.4 0.00106 0.004
1115 77.077741 3.4 0.7679 201.2 0.00106 0.004
1116 76.410387 3.4 0.7679 168.0 0.00106 0.004
1117 75.416997 3.4 0.7679 134.8 0.00106 0.004
1118 74.234122 3.4 0.7679 101.6 0.00106 0.004
1119 71.572704 3.4 0.7679 68.4 0.00106 0.004
1120 80.395365 3.4 0.8378 500.0 0.00106 0.004
1121 80.692665 3.4 0.8378 466.8 0.00106 0.004
1122 80.976034 3.4 0.8378 433.6 0.00106 0.004
1123 81.139596 3.4 0.8378 400.4 0.00106 0.004
1124 81.250393 3.4 0.8378 367.2000000000001 0.00106 0.004
1125 81.28093 3.4 0.8378 334.0 0.00106 0.004
1126 81.194726 3.4 0.8378 300.8 0.00106 0.004
1127 81.020598 3.4 0.8378 267.6 0.00106 0.004
1128 80.691568 3.4 0.8378 234.4 0.00106 0.004
1129 80.310559 3.4 0.8378 201.2 0.00106 0.004
1130 79.671225 3.4 0.8378 168.0 0.00106 0.004
1131 78.76946 3.4 0.8378 134.8 0.00106 0.004
1132 77.482233 3.4 0.8378 101.6 0.00106 0.004
1133 75.227843 3.4 0.8378 68.4 0.00106 0.004
1134 44.907543 3.7 0.2793 500.0 0.00106 0.004
1135 44.61643 3.7 0.2793 466.8 0.00106 0.004
1136 44.365724 3.7 0.2793 433.6 0.00106 0.004
1137 44.071636 3.7 0.2793 400.4 0.00106 0.004
1138 43.738213 3.7 0.2793 367.2000000000001 0.00106 0.004
1139 43.385037 3.7 0.2793 334.0 0.00106 0.004
1140 42.997012 3.7 0.2793 300.8 0.00106 0.004
1141 42.654591 3.7 0.2793 267.6 0.00106 0.004
1142 42.194731 3.7 0.2793 234.4 0.00106 0.004
1143 40.842132 3.7 0.2793 201.2 0.00106 0.004
1144 38.241917 3.7 0.2793 168.0 0.00106 0.004
1145 34.977529 3.7 0.2793 134.8 0.00106 0.004
1146 29.743087 3.7 0.2793 101.6 0.00106 0.004
1147 14.030219 3.7 0.2793 68.4 0.00106 0.004
1148 52.912572 3.7 0.3491 500.0 0.00106 0.004
1149 52.683096 3.7 0.3491 466.8 0.00106 0.004
1150 52.499671 3.7 0.3491 433.6 0.00106 0.004
1151 52.345945 3.7 0.3491 400.4 0.00106 0.004
1152 52.17921 3.7 0.3491 367.2000000000001 0.00106 0.004
1153 51.979951 3.7 0.3491 334.0 0.00106 0.004
1154 51.598682 3.7 0.3491 300.8 0.00106 0.004
1155 51.1884 3.7 0.3491 267.6 0.00106 0.004
1156 50.413458 3.7 0.3491 234.4 0.00106 0.004
1157 49.163788 3.7 0.3491 201.2 0.00106 0.004
1158 47.217177 3.7 0.3491 168.0 0.00106 0.004
1159 45.144897 3.7 0.3491 134.8 0.00106 0.004
1160 42.254607 3.7 0.3491 101.6 0.00106 0.004
1161 32.798867 3.7 0.3491 68.4 0.00106 0.004
1162 59.588187 3.7 0.4189 500.0 0.00106 0.004
1163 59.399519 3.7 0.4189 466.8 0.00106 0.004
1164 59.235513 3.7 0.4189 433.6 0.00106 0.004
1165 58.972997 3.7 0.4189 400.4 0.00106 0.004
1166 58.74471 3.7 0.4189 367.2000000000001 0.00106 0.004
1167 58.348647 3.7 0.4189 334.0 0.00106 0.004
1168 57.940595 3.7 0.4189 300.8 0.00106 0.004
1169 57.312498 3.7 0.4189 267.6 0.00106 0.004
1170 56.411564 3.7 0.4189 234.4 0.00106 0.004
1171 55.393104 3.7 0.4189 201.2 0.00106 0.004
1172 54.328198 3.7 0.4189 168.0 0.00106 0.004
1173 52.789127 3.7 0.4189 134.8 0.00106 0.004
1174 50.740133 3.7 0.4189 101.6 0.00106 0.004
1175 44.91962 3.7 0.4189 68.4 0.00106 0.004
1176 64.406214 3.7 0.4887 500.0 0.00106 0.004
1177 64.294541 3.7 0.4887 466.8 0.00106 0.004
1178 64.154921 3.7 0.4887 433.6 0.00106 0.004
1179 63.929851 3.7 0.4887 400.4 0.00106 0.004
1180 63.728737 3.7 0.4887 367.2000000000001 0.00106 0.004
1181 63.456078 3.7 0.4887 334.0 0.00106 0.004
1182 63.119284 3.7 0.4887 300.8 0.00106 0.004
1183 62.717393 3.7 0.4887 267.6 0.00106 0.004
1184 62.137502 3.7 0.4887 234.4 0.00106 0.004
1185 61.312277 3.7 0.4887 201.2 0.00106 0.004
1186 60.431201 3.7 0.4887 168.0 0.00106 0.004
1187 58.944245 3.7 0.4887 134.8 0.00106 0.004
1188 57.024948 3.7 0.4887 101.6 0.00106 0.004
1189 53.020934 3.7 0.4887 68.4 0.00106 0.004
1190 68.646449 3.7 0.5585 500.0 0.00106 0.004
1191 68.603716 3.7 0.5585 466.8 0.00106 0.004
1192 68.51462 3.7 0.5585 433.6 0.00106 0.004
1193 68.344954 3.7 0.5585 400.4 0.00106 0.004
1194 68.184888 3.7 0.5585 367.2000000000001 0.00106 0.004
1195 67.98953 3.7 0.5585 334.0 0.00106 0.004
1196 67.629631 3.7 0.5585 300.8 0.00106 0.004
1197 67.185552 3.7 0.5585 267.6 0.00106 0.004
1198 66.688091 3.7 0.5585 234.4 0.00106 0.004
1199 66.050647 3.7 0.5585 201.2 0.00106 0.004
1200 65.153851 3.7 0.5585 168.0 0.00106 0.004
1201 63.785565 3.7 0.5585 134.8 0.00106 0.004
1202 62.299143 3.7 0.5585 101.6 0.00106 0.004
1203 59.074041 3.7 0.5585 68.4 0.00106 0.004
1204 71.207892 3.7 0.6283 500.0 0.00106 0.004
1205 71.297781 3.7 0.6283 466.8 0.00106 0.004
1206 71.359191 3.7 0.6283 433.6 0.00106 0.004
1207 68.344954 3.7 0.6283 400.4 0.00106 0.004
1208 71.270547 3.7 0.6283 367.2000000000001 0.00106 0.004
1209 71.095424 3.7 0.6283 334.0 0.00106 0.004
1210 70.874577 3.7 0.6283 300.8 0.00106 0.004
1211 70.576629 3.7 0.6283 267.6 0.00106 0.004
1212 70.167803 3.7 0.6283 234.4 0.00106 0.004
1213 69.62201 3.7 0.6283 201.2 0.00106 0.004
1214 68.88259 3.7 0.6283 168.0 0.00106 0.004
1215 67.784968 3.7 0.6283 134.8 0.00106 0.004
1216 66.277426 3.7 0.6283 101.6 0.00106 0.004
1217 63.516556 3.7 0.6283 68.4 0.00106 0.004
1218 75.379821 3.7 0.6981 500.0 0.00106 0.004
1219 75.425998 3.7 0.6981 466.8 0.00106 0.004
1220 75.548574 3.7 0.6981 433.6 0.00106 0.004
1221 75.489054 3.7 0.6981 400.4 0.00106 0.004
1222 75.483861 3.7 0.6981 367.2000000000001 0.00106 0.004
1223 75.357659 3.7 0.6981 334.0 0.00106 0.004
1224 75.1907 3.7 0.6981 300.8 0.00106 0.004
1225 74.90564 3.7 0.6981 267.6 0.00106 0.004
1226 74.507267 3.7 0.6981 234.4 0.00106 0.004
1227 73.934857 3.7 0.6981 201.2 0.00106 0.004
1228 73.234205 3.7 0.6981 168.0 0.00106 0.004
1229 72.322631 3.7 0.6981 134.8 0.00106 0.004
1230 70.825557 3.7 0.6981 101.6 0.00106 0.004
1231 68.349159 3.7 0.6981 68.4 0.00106 0.004
1232 77.711538 3.7 0.7679 500.0 0.00106 0.004
1233 78.036145 3.7 0.7679 466.8 0.00106 0.004
1234 78.276868 3.7 0.7679 433.6 0.00106 0.004
1235 78.445051 3.7 0.7679 400.4 0.00106 0.004
1236 78.563196 3.7 0.7679 367.2000000000001 0.00106 0.004
1237 78.513834 3.7 0.7679 334.0 0.00106 0.004
1238 78.381285 3.7 0.7679 300.8 0.00106 0.004
1239 78.214987 3.7 0.7679 267.6 0.00106 0.004
1240 77.845919 3.7 0.7679 234.4 0.00106 0.004
1241 77.326238 3.7 0.7679 201.2 0.00106 0.004
1242 76.699359 3.7 0.7679 168.0 0.00106 0.004
1243 75.866485 3.7 0.7679 134.8 0.00106 0.004
1244 74.472076 3.7 0.7679 101.6 0.00106 0.004
1245 72.162767 3.7 0.7679 68.4 0.00106 0.004
1246 79.908435 3.7 0.8378 500.0 0.00106 0.004
1247 80.252907 3.7 0.8378 466.8 0.00106 0.004
1248 80.636688 3.7 0.8378 433.6 0.00106 0.004
1249 80.945242 3.7 0.8378 400.4 0.00106 0.004
1250 81.141014 3.7 0.8378 367.2000000000001 0.00106 0.004
1251 81.277181 3.7 0.8378 334.0 0.00106 0.004
1252 81.257031 3.7 0.8378 300.8 0.00106 0.004
1253 81.116127 3.7 0.8378 267.6 0.00106 0.004
1254 80.900697 3.7 0.8378 234.4 0.00106 0.004
1255 80.487831 3.7 0.8378 201.2 0.00106 0.004
1256 79.932193 3.7 0.8378 168.0 0.00106 0.004
1257 79.096852 3.7 0.8378 134.8 0.00106 0.004
1258 77.851169 3.7 0.8378 101.6 0.00106 0.004
1259 75.622653 3.7 0.8378 68.4 0.00106 0.004
1260 45.116278 4.0 0.2793 500.0 0.00106 0.004
1261 44.892893 4.0 0.2793 466.8 0.00106 0.004
1262 44.612497 4.0 0.2793 433.6 0.00106 0.004
1263 44.31425 4.0 0.2793 400.4 0.00106 0.004
1264 44.010887 4.0 0.2793 367.2000000000001 0.00106 0.004
1265 43.655623 4.0 0.2793 334.0 0.00106 0.004
1266 43.268578 4.0 0.2793 300.8 0.00106 0.004
1267 42.89653 4.0 0.2793 267.6 0.00106 0.004
1268 42.42694 4.0 0.2793 234.4 0.00106 0.004
1269 41.898173 4.0 0.2793 201.2 0.00106 0.004
1270 39.385835 4.0 0.2793 168.0 0.00106 0.004
1271 36.284337 4.0 0.2793 134.8 0.00106 0.004
1272 31.574216 4.0 0.2793 101.6 0.00106 0.004
1273 17.553733 4.0 0.2793 68.4 0.00106 0.004
1274 53.145369 4.0 0.3491 500.0 0.00106 0.004
1275 52.92889 4.0 0.3491 466.8 0.00106 0.004
1276 52.692148 4.0 0.3491 433.6 0.00106 0.004
1277 52.505836 4.0 0.3491 400.4 0.00106 0.004
1278 52.290202 4.0 0.3491 367.2000000000001 0.00106 0.004
1279 52.155482 4.0 0.3491 334.0 0.00106 0.004
1280 51.885468 4.0 0.3491 300.8 0.00106 0.004
1281 51.513663 4.0 0.3491 267.6 0.00106 0.004
1282 50.914802 4.0 0.3491 234.4 0.00106 0.004
1283 49.837743 4.0 0.3491 201.2 0.00106 0.004
1284 47.981857 4.0 0.3491 168.0 0.00106 0.004
1285 45.758376 4.0 0.3491 134.8 0.00106 0.004
1286 43.064633 4.0 0.3491 101.6 0.00106 0.004
1287 35.615948 4.0 0.3491 68.4 0.00106 0.004
1288 59.683026 4.0 0.4189 500.0 0.00106 0.004
1289 59.587579 4.0 0.4189 466.8 0.00106 0.004
1290 59.448345 4.0 0.4189 433.6 0.00106 0.004
1291 59.226106 4.0 0.4189 400.4 0.00106 0.004
1292 58.964146 4.0 0.4189 367.2000000000001 0.00106 0.004
1293 58.698617 4.0 0.4189 334.0 0.00106 0.004
1294 58.268491 4.0 0.4189 300.8 0.00106 0.004
1295 57.776996 4.0 0.4189 267.6 0.00106 0.004
1296 56.957987 4.0 0.4189 234.4 0.00106 0.004
1297 55.981158 4.0 0.4189 201.2 0.00106 0.004
1298 54.743848 4.0 0.4189 168.0 0.00106 0.004
1299 53.311362 4.0 0.4189 134.8 0.00106 0.004
1300 51.296395 4.0 0.4189 101.6 0.00106 0.004
1301 46.506879 4.0 0.4189 68.4 0.00106 0.004
1302 64.550858 4.0 0.4887 500.0 0.00106 0.004
1303 64.432534 4.0 0.4887 466.8 0.00106 0.004
1304 64.306244 4.0 0.4887 433.6 0.00106 0.004
1305 64.15179 4.0 0.4887 400.4 0.00106 0.004
1306 63.926456 4.0 0.4887 367.2000000000001 0.00106 0.004
1307 63.677599 4.0 0.4887 334.0 0.00106 0.004
1308 63.394882 4.0 0.4887 300.8 0.00106 0.004
1309 63.00034 4.0 0.4887 267.6 0.00106 0.004
1310 62.404976 4.0 0.4887 234.4 0.00106 0.004
1311 61.744505 4.0 0.4887 201.2 0.00106 0.004
1312 60.838894 4.0 0.4887 168.0 0.00106 0.004
1313 59.466639 4.0 0.4887 134.8 0.00106 0.004
1314 57.551485 4.0 0.4887 101.6 0.00106 0.004
1315 54.274753 4.0 0.4887 68.4 0.00106 0.004
1316 68.706618 4.0 0.5585 500.0 0.00106 0.004
1317 68.648461 4.0 0.5585 466.8 0.00106 0.004
1318 68.579514 4.0 0.5585 433.6 0.00106 0.004
1319 68.490079 4.0 0.5585 400.4 0.00106 0.004
1320 68.340156 4.0 0.5585 367.2000000000001 0.00106 0.004
1321 68.148246 4.0 0.5585 334.0 0.00106 0.004
1322 67.920612 4.0 0.5585 300.8 0.00106 0.004
1323 67.483805 4.0 0.5585 267.6 0.00106 0.004
1324 66.985549 4.0 0.5585 234.4 0.00106 0.004
1325 66.402428 4.0 0.5585 201.2 0.00106 0.004
1326 65.544405 4.0 0.5585 168.0 0.00106 0.004
1327 64.239419 4.0 0.5585 134.8 0.00106 0.004
1328 62.786422 4.0 0.5585 101.6 0.00106 0.004
1329 59.928211 4.0 0.5585 68.4 0.00106 0.004
1330 71.057834 4.0 0.6283 500.0 0.00106 0.004
1331 71.123686 4.0 0.6283 466.8 0.00106 0.004
1332 71.282663 4.0 0.6283 433.6 0.00106 0.004
1333 71.342945 4.0 0.6283 400.4 0.00106 0.004
1334 71.322266 4.0 0.6283 367.2000000000001 0.00106 0.004
1335 71.223615 4.0 0.6283 334.0 0.00106 0.004
1336 71.01597 4.0 0.6283 300.8 0.00106 0.004
1337 70.792866 4.0 0.6283 267.6 0.00106 0.004
1338 70.399788 4.0 0.6283 234.4 0.00106 0.004
1339 69.858465 4.0 0.6283 201.2 0.00106 0.004
1340 69.19963 4.0 0.6283 168.0 0.00106 0.004
1341 68.150301 4.0 0.6283 134.8 0.00106 0.004
1342 66.752298 4.0 0.6283 101.6 0.00106 0.004
1343 64.11086 4.0 0.6283 68.4 0.00106 0.004
1344 75.214411 4.0 0.6981 500.0 0.00106 0.004
1345 75.352537 4.0 0.6981 466.8 0.00106 0.004
1346 75.405137 4.0 0.6981 433.6 0.00106 0.004
1347 75.548642 4.0 0.6981 400.4 0.00106 0.004
1348 75.492987 4.0 0.6981 367.2000000000001 0.00106 0.004
1349 75.459508 4.0 0.6981 334.0 0.00106 0.004
1350 75.30643 4.0 0.6981 300.8 0.00106 0.004
1351 75.085781 4.0 0.6981 267.6 0.00106 0.004
1352 74.742173 4.0 0.6981 234.4 0.00106 0.004
1353 74.263748 4.0 0.6981 201.2 0.00106 0.004
1354 73.495189 4.0 0.6981 168.0 0.00106 0.004
1355 72.624734 4.0 0.6981 134.8 0.00106 0.004
1356 71.248635 4.0 0.6981 101.6 0.00106 0.004
1357 68.851325 4.0 0.6981 68.4 0.00106 0.004
1358 77.332816 4.0 0.7679 500.0 0.00106 0.004
1359 77.693321 4.0 0.7679 466.8 0.00106 0.004
1360 78.014455 4.0 0.7679 433.6 0.00106 0.004
1361 78.271273 4.0 0.7679 400.4 0.00106 0.004
1362 78.45727 4.0 0.7679 367.2000000000001 0.00106 0.004
1363 78.553186 4.0 0.7679 334.0 0.00106 0.004
1364 78.481083 4.0 0.7679 300.8 0.00106 0.004
1365 78.33055 4.0 0.7679 267.6 0.00106 0.004
1366 78.094428 4.0 0.7679 234.4 0.00106 0.004
1367 77.60682 4.0 0.7679 201.2 0.00106 0.004
1368 76.97849 4.0 0.7679 168.0 0.00106 0.004
1369 76.152136 4.0 0.7679 134.8 0.00106 0.004
1370 74.778036 4.0 0.7679 101.6 0.00106 0.004
1371 72.653647 4.0 0.7679 68.4 0.00106 0.004
1372 79.352939 4.0 0.8378 500.0 0.00106 0.004
1373 79.862132 4.0 0.8378 466.8 0.00106 0.004
1374 80.257242 4.0 0.8378 433.6 0.00106 0.004
1375 80.658223 4.0 0.8378 400.4 0.00106 0.004
1376 80.973613 4.0 0.8378 367.2000000000001 0.00106 0.004
1377 81.148151 4.0 0.8378 334.0 0.00106 0.004
1378 81.278855 4.0 0.8378 300.8 0.00106 0.004
1379 81.175757 4.0 0.8378 267.6 0.00106 0.004
1380 81.01772 4.0 0.8378 234.4 0.00106 0.004
1381 80.665039 4.0 0.8378 201.2 0.00106 0.004
1382 80.167239 4.0 0.8378 168.0 0.00106 0.004
1383 79.330849 4.0 0.8378 134.8 0.00106 0.004
1384 78.140583 4.0 0.8378 101.6 0.00106 0.004
1385 75.909523 4.0 0.8378 68.4 0.00106 0.004
1386 45.364166 4.3 0.2793 500.0 0.00106 0.004
1387 45.165386 4.3 0.2793 466.8 0.00106 0.004
1388 44.898778 4.3 0.2793 433.6 0.00106 0.004
1389 44.571098 4.3 0.2793 400.4 0.00106 0.004
1390 44.270304 4.3 0.2793 367.2000000000001 0.00106 0.004
1391 43.942529 4.3 0.2793 334.0 0.00106 0.004
1392 43.529785 4.3 0.2793 300.8 0.00106 0.004
1393 43.096358 4.3 0.2793 267.6 0.00106 0.004
1394 42.684963 4.3 0.2793 234.4 0.00106 0.004
1395 42.182011 4.3 0.2793 201.2 0.00106 0.004
1396 40.496679 4.3 0.2793 168.0 0.00106 0.004
1397 37.166915 4.3 0.2793 134.8 0.00106 0.004
1398 32.917798 4.3 0.2793 101.6 0.00106 0.004
1399 21.008658 4.3 0.2793 68.4 0.00106 0.004
1400 53.282654 4.3 0.3491 500.0 0.00106 0.004
1401 53.141824 4.3 0.3491 466.8 0.00106 0.004
1402 52.944396 4.3 0.3491 433.6 0.00106 0.004
1403 52.700715 4.3 0.3491 400.4 0.00106 0.004
1404 52.507606 4.3 0.3491 367.2000000000001 0.00106 0.004
1405 52.25026 4.3 0.3491 334.0 0.00106 0.004
1406 52.090392 4.3 0.3491 300.8 0.00106 0.004
1407 51.709596 4.3 0.3491 267.6 0.00106 0.004
1408 51.318366 4.3 0.3491 234.4 0.00106 0.004
1409 50.340361 4.3 0.3491 201.2 0.00106 0.004
1410 48.815389 4.3 0.3491 168.0 0.00106 0.004
1411 46.362806 4.3 0.3491 134.8 0.00106 0.004
1412 43.897882 4.3 0.3491 101.6 0.00106 0.004
1413 37.530713 4.3 0.3491 68.4 0.00106 0.004
1414 59.79663 4.3 0.4189 500.0 0.00106 0.004
1415 59.683035 4.3 0.4189 466.8 0.00106 0.004
1416 59.594527 4.3 0.4189 433.6 0.00106 0.004
1417 59.419269 4.3 0.4189 400.4 0.00106 0.004
1418 59.194278 4.3 0.4189 367.2000000000001 0.00106 0.004
1419 58.915244 4.3 0.4189 334.0 0.00106 0.004
1420 58.524417 4.3 0.4189 300.8 0.00106 0.004
1421 58.036769 4.3 0.4189 267.6 0.00106 0.004
1422 57.42567 4.3 0.4189 234.4 0.00106 0.004
1423 56.347241 4.3 0.4189 201.2 0.00106 0.004
1424 55.243819 4.3 0.4189 168.0 0.00106 0.004
1425 53.848828 4.3 0.4189 134.8 0.00106 0.004
1426 51.802927 4.3 0.4189 101.6 0.00106 0.004
1427 47.965746 4.3 0.4189 68.4 0.00106 0.004
1428 64.672106 4.3 0.4887 500.0 0.00106 0.004
1429 64.575706 4.3 0.4887 466.8 0.00106 0.004
1430 64.428762 4.3 0.4887 433.6 0.00106 0.004
1431 64.284155 4.3 0.4887 400.4 0.00106 0.004
1432 64.104206 4.3 0.4887 367.2000000000001 0.00106 0.004
1433 63.895272 4.3 0.4887 334.0 0.00106 0.004
1434 63.585842 4.3 0.4887 300.8 0.00106 0.004
1435 63.240549 4.3 0.4887 267.6 0.00106 0.004
1436 62.756534 4.3 0.4887 234.4 0.00106 0.004
1437 62.071686 4.3 0.4887 201.2 0.00106 0.004
1438 61.175837 4.3 0.4887 168.0 0.00106 0.004
1439 59.977628 4.3 0.4887 134.8 0.00106 0.004
1440 57.995508 4.3 0.4887 101.6 0.00106 0.004
1441 54.978415 4.3 0.4887 68.4 0.00106 0.004
1442 68.609859 4.3 0.5585 500.0 0.00106 0.004
1443 68.660282 4.3 0.5585 466.8 0.00106 0.004
1444 68.647282 4.3 0.5585 433.6 0.00106 0.004
1445 68.538004 4.3 0.5585 400.4 0.00106 0.004
1446 68.45007 4.3 0.5585 367.2000000000001 0.00106 0.004
1447 68.277137 4.3 0.5585 334.0 0.00106 0.004
1448 68.072027 4.3 0.5585 300.8 0.00106 0.004
1449 67.743327 4.3 0.5585 267.6 0.00106 0.004
1450 67.234939 4.3 0.5585 234.4 0.00106 0.004
1451 66.661144 4.3 0.5585 201.2 0.00106 0.004
1452 65.9338 4.3 0.5585 168.0 0.00106 0.004
1453 64.651124 4.3 0.5585 134.8 0.00106 0.004
1454 63.1093 4.3 0.5585 101.6 0.00106 0.004
1455 60.608508 4.3 0.5585 68.4 0.00106 0.004
1456 70.801582 4.3 0.6283 500.0 0.00106 0.004
1457 70.996304 4.3 0.6283 466.8 0.00106 0.004
1458 71.115713 4.3 0.6283 433.6 0.00106 0.004
1459 71.233113 4.3 0.6283 400.4 0.00106 0.004
1460 71.302044 4.3 0.6283 367.2000000000001 0.00106 0.004
1461 71.285192 4.3 0.6283 334.0 0.00106 0.004
1462 71.139831 4.3 0.6283 300.8 0.00106 0.004
1463 70.911493 4.3 0.6283 267.6 0.00106 0.004
1464 70.590176 4.3 0.6283 234.4 0.00106 0.004
1465 70.125398 4.3 0.6283 201.2 0.00106 0.004
1466 69.460186 4.3 0.6283 168.0 0.00106 0.004
1467 68.476193 4.3 0.6283 134.8 0.00106 0.004
1468 67.107094 4.3 0.6283 101.6 0.00106 0.004
1469 64.788634 4.3 0.6283 68.4 0.00106 0.004
1470 74.969823 4.3 0.6981 500.0 0.00106 0.004
1471 75.202868 4.3 0.6981 466.8 0.00106 0.004
1472 75.332651 4.3 0.6981 433.6 0.00106 0.004
1473 75.398231 4.3 0.6981 400.4 0.00106 0.004
1474 75.541002 4.3 0.6981 367.2000000000001 0.00106 0.004
1475 75.465841 4.3 0.6981 334.0 0.00106 0.004
1476 75.416965 4.3 0.6981 300.8 0.00106 0.004
1477 75.2532 4.3 0.6981 267.6 0.00106 0.004
1478 74.937448 4.3 0.6981 234.4 0.00106 0.004
1479 74.485303 4.3 0.6981 201.2 0.00106 0.004
1480 73.763368 4.3 0.6981 168.0 0.00106 0.004
1481 72.886785 4.3 0.6981 134.8 0.00106 0.004
1482 71.670992 4.3 0.6981 101.6 0.00106 0.004
1483 69.365628 4.3 0.6981 68.4 0.00106 0.004
1484 76.984386 4.3 0.7679 500.0 0.00106 0.004
1485 77.301935 4.3 0.7679 466.8 0.00106 0.004
1486 77.649818 4.3 0.7679 433.6 0.00106 0.004
1487 77.988679 4.3 0.7679 400.4 0.00106 0.004
1488 78.251837 4.3 0.7679 367.2000000000001 0.00106 0.004
1489 78.452161 4.3 0.7679 334.0 0.00106 0.004
1490 78.520525 4.3 0.7679 300.8 0.00106 0.004
1491 78.409325 4.3 0.7679 267.6 0.00106 0.004
1492 78.223301 4.3 0.7679 234.4 0.00106 0.004
1493 77.81235 4.3 0.7679 201.2 0.00106 0.004
1494 77.191511 4.3 0.7679 168.0 0.00106 0.004
1495 76.415798 4.3 0.7679 134.8 0.00106 0.004
1496 75.141703 4.3 0.7679 101.6 0.00106 0.004
1497 73.149704 4.3 0.7679 68.4 0.00106 0.004
1498 78.710115 4.3 0.8378 500.0 0.00106 0.004
1499 79.271927 4.3 0.8378 466.8 0.00106 0.004
1500 79.852402 4.3 0.8378 433.6 0.00106 0.004
1501 80.286357 4.3 0.8378 400.4 0.00106 0.004
1502 80.687993 4.3 0.8378 367.2000000000001 0.00106 0.004
1503 81.029244 4.3 0.8378 334.0 0.00106 0.004
1504 81.177053 4.3 0.8378 300.8 0.00106 0.004
1505 81.224481 4.3 0.8378 267.6 0.00106 0.004
1506 81.099376 4.3 0.8378 234.4 0.00106 0.004
1507 80.820941 4.3 0.8378 201.2 0.00106 0.004
1508 80.315155 4.3 0.8378 168.0 0.00106 0.004
1509 79.56793 4.3 0.8378 134.8 0.00106 0.004
1510 78.389127 4.3 0.8378 101.6 0.00106 0.004
1511 76.243675 4.3 0.8378 68.4 0.00106 0.004
1512 45.563863 4.7 0.2793 500.0 0.00106 0.004
1513 45.425228 4.7 0.2793 466.8 0.00106 0.004
1514 45.239337 4.7 0.2793 433.6 0.00106 0.004
1515 44.894864 4.7 0.2793 400.4 0.00106 0.004
1516 44.531026 4.7 0.2793 367.2000000000001 0.00106 0.004
1517 44.24906 4.7 0.2793 334.0 0.00106 0.004
1518 43.805963 4.7 0.2793 300.8 0.00106 0.004
1519 43.424585 4.7 0.2793 267.6 0.00106 0.004
1520 42.938425 4.7 0.2793 234.4 0.00106 0.004
1521 42.488804 4.7 0.2793 201.2 0.00106 0.004
1522 41.782157 4.7 0.2793 168.0 0.00106 0.004
1523 38.506325 4.7 0.2793 134.8 0.00106 0.004
1524 34.126615 4.7 0.2793 101.6 0.00106 0.004
1525 24.316265 4.7 0.2793 68.4 0.00106 0.004
1526 53.498641 4.7 0.3491 500.0 0.00106 0.004
1527 53.325282 4.7 0.3491 466.8 0.00106 0.004
1528 53.179901 4.7 0.3491 433.6 0.00106 0.004
1529 52.936868 4.7 0.3491 400.4 0.00106 0.004
1530 52.718894 4.7 0.3491 367.2000000000001 0.00106 0.004
1531 52.501555 4.7 0.3491 334.0 0.00106 0.004
1532 52.213056 4.7 0.3491 300.8 0.00106 0.004
1533 51.998838 4.7 0.3491 267.6 0.00106 0.004
1534 51.63379 4.7 0.3491 234.4 0.00106 0.004
1535 51.065189 4.7 0.3491 201.2 0.00106 0.004
1536 49.70244 4.7 0.3491 168.0 0.00106 0.004
1537 47.323881 4.7 0.3491 134.8 0.00106 0.004
1538 44.72018 4.7 0.3491 101.6 0.00106 0.004
1539 39.666697 4.7 0.3491 68.4 0.00106 0.004
1540 59.909959 4.7 0.4189 500.0 0.00106 0.004
1541 59.816188 4.7 0.4189 466.8 0.00106 0.004
1542 59.701807 4.7 0.4189 433.6 0.00106 0.004
1543 59.595984 4.7 0.4189 400.4 0.00106 0.004
1544 59.428779 4.7 0.4189 367.2000000000001 0.00106 0.004
1545 59.151185 4.7 0.4189 334.0 0.00106 0.004
1546 58.880512 4.7 0.4189 300.8 0.00106 0.004
1547 58.403377 4.7 0.4189 267.6 0.00106 0.004
1548 57.911457 4.7 0.4189 234.4 0.00106 0.004
1549 56.979725 4.7 0.4189 201.2 0.00106 0.004
1550 55.728898 4.7 0.4189 168.0 0.00106 0.004
1551 54.337467 4.7 0.4189 134.8 0.00106 0.004
1552 52.424043 4.7 0.4189 101.6 0.00106 0.004
1553 49.267424 4.7 0.4189 68.4 0.00106 0.004
1554 64.857814 4.7 0.4887 500.0 0.00106 0.004
1555 64.709604 4.7 0.4887 466.8 0.00106 0.004
1556 64.577268 4.7 0.4887 433.6 0.00106 0.004
1557 64.433108 4.7 0.4887 400.4 0.00106 0.004
1558 64.287172 4.7 0.4887 367.2000000000001 0.00106 0.004
1559 64.087023 4.7 0.4887 334.0 0.00106 0.004
1560 63.82725 4.7 0.4887 300.8 0.00106 0.004
1561 63.525882 4.7 0.4887 267.6 0.00106 0.004
1562 63.104628 4.7 0.4887 234.4 0.00106 0.004
1563 62.48019 4.7 0.4887 201.2 0.00106 0.004
1564 61.583844 4.7 0.4887 168.0 0.00106 0.004
1565 60.547776 4.7 0.4887 134.8 0.00106 0.004
1566 58.574551 4.7 0.4887 101.6 0.00106 0.004
1567 55.722275 4.7 0.4887 68.4 0.00106 0.004
1568 68.576776 4.7 0.5585 500.0 0.00106 0.004
1569 68.595262 4.7 0.5585 466.8 0.00106 0.004
1570 68.519248 4.7 0.5585 433.6 0.00106 0.004
1571 68.65044 4.7 0.5585 400.4 0.00106 0.004
1572 68.496718 4.7 0.5585 367.2000000000001 0.00106 0.004
1573 68.41523 4.7 0.5585 334.0 0.00106 0.004
1574 68.223351 4.7 0.5585 300.8 0.00106 0.004
1575 68.009079 4.7 0.5585 267.6 0.00106 0.004
1576 67.571807 4.7 0.5585 234.4 0.00106 0.004
1577 66.982935 4.7 0.5585 201.2 0.00106 0.004
1578 66.304534 4.7 0.5585 168.0 0.00106 0.004
1579 65.239014 4.7 0.5585 134.8 0.00106 0.004
1580 63.579564 4.7 0.5585 101.6 0.00106 0.004
1581 61.231531 4.7 0.5585 68.4 0.00106 0.004
1582 69.230168 4.7 0.6283 500.0 0.00106 0.004
1583 70.113554 4.7 0.6283 466.8 0.00106 0.004
1584 70.9311 4.7 0.6283 433.6 0.00106 0.004
1585 71.050142 4.7 0.6283 400.4 0.00106 0.004
1586 71.194302 4.7 0.6283 367.2000000000001 0.00106 0.004
1587 71.271281 4.7 0.6283 334.0 0.00106 0.004
1588 71.260207 4.7 0.6283 300.8 0.00106 0.004
1589 71.07954 4.7 0.6283 267.6 0.00106 0.004
1590 70.815738 4.7 0.6283 234.4 0.00106 0.004
1591 70.40009 4.7 0.6283 201.2 0.00106 0.004
1592 69.804201 4.7 0.6283 168.0 0.00106 0.004
1593 68.90117 4.7 0.6283 134.8 0.00106 0.004
1594 67.58761 4.7 0.6283 101.6 0.00106 0.004
1595 65.383315 4.7 0.6283 68.4 0.00106 0.004
1596 74.605039 4.7 0.6981 500.0 0.00106 0.004
1597 74.902887 4.7 0.6981 466.8 0.00106 0.004
1598 75.148936 4.7 0.6981 433.6 0.00106 0.004
1599 75.29638 4.7 0.6981 400.4 0.00106 0.004
1600 75.401289 4.7 0.6981 367.2000000000001 0.00106 0.004
1601 75.522018 4.7 0.6981 334.0 0.00106 0.004
1602 75.458323 4.7 0.6981 300.8 0.00106 0.004
1603 75.370139 4.7 0.6981 267.6 0.00106 0.004
1604 75.122334 4.7 0.6981 234.4 0.00106 0.004
1605 74.754426 4.7 0.6981 201.2 0.00106 0.004
1606 74.167726 4.7 0.6981 168.0 0.00106 0.004
1607 73.284077 4.7 0.6981 134.8 0.00106 0.004
1608 72.083207 4.7 0.6981 101.6 0.00106 0.004
1609 69.881984 4.7 0.6981 68.4 0.00106 0.004
1610 76.335025 4.7 0.7679 500.0 0.00106 0.004
1611 76.864322 4.7 0.7679 466.8 0.00106 0.004
1612 77.202498 4.7 0.7679 433.6 0.00106 0.004
1613 77.506054 4.7 0.7679 400.4 0.00106 0.004
1614 77.954206 4.7 0.7679 367.2000000000001 0.00106 0.004
1615 78.236322 4.7 0.7679 334.0 0.00106 0.004
1616 78.437323 4.7 0.7679 300.8 0.00106 0.004
1617 78.477196 4.7 0.7679 267.6 0.00106 0.004
1618 78.334328 4.7 0.7679 234.4 0.00106 0.004
1619 78.076595 4.7 0.7679 201.2 0.00106 0.004
1620 77.521263 4.7 0.7679 168.0 0.00106 0.004
1621 76.731708 4.7 0.7679 134.8 0.00106 0.004
1622 75.578249 4.7 0.7679 101.6 0.00106 0.004
1623 73.712613 4.7 0.7679 68.4 0.00106 0.004
1624 77.912725 4.7 0.8378 500.0 0.00106 0.004
1625 78.565834 4.7 0.8378 466.8 0.00106 0.004
1626 79.133711 4.7 0.8378 433.6 0.00106 0.004
1627 79.762553 4.7 0.8378 400.4 0.00106 0.004
1628 80.255888 4.7 0.8378 367.2000000000001 0.00106 0.004
1629 80.727109 4.7 0.8378 334.0 0.00106 0.004
1630 81.031894 4.7 0.8378 300.8 0.00106 0.004
1631 81.190322 4.7 0.8378 267.6 0.00106 0.004
1632 81.162903 4.7 0.8378 234.4 0.00106 0.004
1633 80.957686 4.7 0.8378 201.2 0.00106 0.004
1634 80.486267 4.7 0.8378 168.0 0.00106 0.004
1635 79.816035 4.7 0.8378 134.8 0.00106 0.004
1636 78.618667 4.7 0.8378 101.6 0.00106 0.004
1637 76.564094 4.7 0.8378 68.4 0.00106 0.004
1638 45.681729 5.0 0.2793 500.0 0.00106 0.004
1639 45.554888 5.0 0.2793 466.8 0.00106 0.004
1640 45.408205 5.0 0.2793 433.6 0.00106 0.004
1641 45.155293 5.0 0.2793 400.4 0.00106 0.004
1642 44.79186 5.0 0.2793 367.2000000000001 0.00106 0.004
1643 44.427869 5.0 0.2793 334.0 0.00106 0.004
1644 44.079104 5.0 0.2793 300.8 0.00106 0.004
1645 43.646833 5.0 0.2793 267.6 0.00106 0.004
1646 43.1517 5.0 0.2793 234.4 0.00106 0.004
1647 42.603973 5.0 0.2793 201.2 0.00106 0.004
1648 42.102932 5.0 0.2793 168.0 0.00106 0.004
1649 39.596419 5.0 0.2793 134.8 0.00106 0.004
1650 35.05089 5.0 0.2793 101.6 0.00106 0.004
1651 26.382157 5.0 0.2793 68.4 0.00106 0.004
1652 53.61745 5.0 0.3491 500.0 0.00106 0.004
1653 53.45569 5.0 0.3491 466.8 0.00106 0.004
1654 53.302076 5.0 0.3491 433.6 0.00106 0.004
1655 53.120302 5.0 0.3491 400.4 0.00106 0.004
1656 52.829776 5.0 0.3491 367.2000000000001 0.00106 0.004
1657 52.62325 5.0 0.3491 334.0 0.00106 0.004
1658 52.384417 5.0 0.3491 300.8 0.00106 0.004
1659 52.14095 5.0 0.3491 267.6 0.00106 0.004
1660 51.770413 5.0 0.3491 234.4 0.00106 0.004
1661 51.339017 5.0 0.3491 201.2 0.00106 0.004
1662 50.118628 5.0 0.3491 168.0 0.00106 0.004
1663 48.039556 5.0 0.3491 134.8 0.00106 0.004
1664 45.215304 5.0 0.3491 101.6 0.00106 0.004
1665 41.067472 5.0 0.3491 68.4 0.00106 0.004
1666 59.981759 5.0 0.4189 500.0 0.00106 0.004
1667 59.888955 5.0 0.4189 466.8 0.00106 0.004
1668 59.78356 5.0 0.4189 433.6 0.00106 0.004
1669 59.679228 5.0 0.4189 400.4 0.00106 0.004
1670 59.556796 5.0 0.4189 367.2000000000001 0.00106 0.004
1671 59.320053 5.0 0.4189 334.0 0.00106 0.004
1672 59.063852 5.0 0.4189 300.8 0.00106 0.004
1673 58.65105 5.0 0.4189 267.6 0.00106 0.004
1674 58.159059 5.0 0.4189 234.4 0.00106 0.004
1675 57.401463 5.0 0.4189 201.2 0.00106 0.004
1676 56.152692 5.0 0.4189 168.0 0.00106 0.004
1677 54.715633 5.0 0.4189 134.8 0.00106 0.004
1678 52.887171 5.0 0.4189 101.6 0.00106 0.004
1679 49.809664 5.0 0.4189 68.4 0.00106 0.004
1680 64.964047 5.0 0.4887 500.0 0.00106 0.004
1681 64.851732 5.0 0.4887 466.8 0.00106 0.004
1682 64.684524 5.0 0.4887 433.6 0.00106 0.004
1683 64.557924 5.0 0.4887 400.4 0.00106 0.004
1684 64.379602 5.0 0.4887 367.2000000000001 0.00106 0.004
1685 64.217266 5.0 0.4887 334.0 0.00106 0.004
1686 63.986373 5.0 0.4887 300.8 0.00106 0.004
1687 63.684028 5.0 0.4887 267.6 0.00106 0.004
1688 63.298776 5.0 0.4887 234.4 0.00106 0.004
1689 62.720848 5.0 0.4887 201.2 0.00106 0.004
1690 61.945537 5.0 0.4887 168.0 0.00106 0.004
1691 60.863502 5.0 0.4887 134.8 0.00106 0.004
1692 58.996418 5.0 0.4887 101.6 0.00106 0.004
1693 56.293929 5.0 0.4887 68.4 0.00106 0.004
1694 68.587092 5.0 0.5585 500.0 0.00106 0.004
1695 68.565764 5.0 0.5585 466.8 0.00106 0.004
1696 68.581056 5.0 0.5585 433.6 0.00106 0.004
1697 68.532809 5.0 0.5585 400.4 0.00106 0.004
1698 68.620447 5.0 0.5585 367.2000000000001 0.00106 0.004
1699 68.432469 5.0 0.5585 334.0 0.00106 0.004
1700 68.308308 5.0 0.5585 300.8 0.00106 0.004
1701 68.112316 5.0 0.5585 267.6 0.00106 0.004
1702 67.769662 5.0 0.5585 234.4 0.00106 0.004
1703 67.191715 5.0 0.5585 201.2 0.00106 0.004
1704 66.530056 5.0 0.5585 168.0 0.00106 0.004
1705 65.56016 5.0 0.5585 134.8 0.00106 0.004
1706 63.857021 5.0 0.5585 101.6 0.00106 0.004
1707 61.580071 5.0 0.5585 68.4 0.00106 0.004
1708 67.919455 5.0 0.6283 500.0 0.00106 0.004
1709 69.160628 5.0 0.6283 466.8 0.00106 0.004
1710 70.125746 5.0 0.6283 433.6 0.00106 0.004
1711 70.916366 5.0 0.6283 400.4 0.00106 0.004
1712 71.059764 5.0 0.6283 367.2000000000001 0.00106 0.004
1713 71.220853 5.0 0.6283 334.0 0.00106 0.004
1714 71.250488 5.0 0.6283 300.8 0.00106 0.004
1715 71.204721 5.0 0.6283 267.6 0.00106 0.004
1716 70.91622 5.0 0.6283 234.4 0.00106 0.004
1717 70.54939 5.0 0.6283 201.2 0.00106 0.004
1718 70.020956 5.0 0.6283 168.0 0.00106 0.004
1719 69.107111 5.0 0.6283 134.8 0.00106 0.004
1720 67.872827 5.0 0.6283 101.6 0.00106 0.004
1721 65.830276 5.0 0.6283 68.4 0.00106 0.004
1722 74.207814 5.0 0.6981 500.0 0.00106 0.004
1723 74.590132 5.0 0.6981 466.8 0.00106 0.004
1724 74.921216 5.0 0.6981 433.6 0.00106 0.004
1725 75.181502 5.0 0.6981 400.4 0.00106 0.004
1726 75.333323 5.0 0.6981 367.2000000000001 0.00106 0.004
1727 75.428944 5.0 0.6981 334.0 0.00106 0.004
1728 75.461622 5.0 0.6981 300.8 0.00106 0.004
1729 75.408132 5.0 0.6981 267.6 0.00106 0.004
1730 75.234027 5.0 0.6981 234.4 0.00106 0.004
1731 74.901166 5.0 0.6981 201.2 0.00106 0.004
1732 74.355476 5.0 0.6981 168.0 0.00106 0.004
1733 73.47837 5.0 0.6981 134.8 0.00106 0.004
1734 72.360622 5.0 0.6981 101.6 0.00106 0.004
1735 70.189007 5.0 0.6981 68.4 0.00106 0.004
1736 75.935517 5.0 0.7679 500.0 0.00106 0.004
1737 76.374574 5.0 0.7679 466.8 0.00106 0.004
1738 76.877633 5.0 0.7679 433.6 0.00106 0.004
1739 77.255709 5.0 0.7679 400.4 0.00106 0.004
1740 77.655708 5.0 0.7679 367.2000000000001 0.00106 0.004
1741 78.044251 5.0 0.7679 334.0 0.00106 0.004
1742 78.308768 5.0 0.7679 300.8 0.00106 0.004
1743 78.490705 5.0 0.7679 267.6 0.00106 0.004
1744 75.234027 5.0 0.7679 234.4 0.00106 0.004
1745 78.174388 5.0 0.7679 201.2 0.00106 0.004
1746 77.690628 5.0 0.7679 168.0 0.00106 0.004
1747 76.964911 5.0 0.7679 134.8 0.00106 0.004
1748 75.890734 5.0 0.7679 101.6 0.00106 0.004
1749 74.035714 5.0 0.7679 68.4 0.00106 0.004
1750 77.328489 5.0 0.8378 500.0 0.00106 0.004
1751 77.950255 5.0 0.8378 466.8 0.00106 0.004
1752 78.612146 5.0 0.8378 433.6 0.00106 0.004
1753 79.249224 5.0 0.8378 400.4 0.00106 0.004
1754 79.913324 5.0 0.8378 367.2000000000001 0.00106 0.004
1755 80.467375 5.0 0.8378 334.0 0.00106 0.004
1756 80.847503 5.0 0.8378 300.8 0.00106 0.004
1757 81.090049 5.0 0.8378 267.6 0.00106 0.004
1758 81.163482 5.0 0.8378 234.4 0.00106 0.004
1759 81.025215 5.0 0.8378 201.2 0.00106 0.004
1760 80.607863 5.0 0.8378 168.0 0.00106 0.004
1761 79.961626 5.0 0.8378 134.8 0.00106 0.004
1762 78.823926 5.0 0.8378 101.6 0.00106 0.004
1763 76.757178 5.0 0.8378 68.4 0.00106 0.004
1764 0.0 1.4 0.0 201.2 0.00106 0.004
1765 0.0 4.0 0.0 500.0 0.00106 0.004
1766 0.0 2.4 0.0 433.59999999999997 0.00106 0.004
1767 0.0 3.7 0.0 134.8 0.00106 0.004
1768 0.0 3.7 0.0 267.6 0.00106 0.004
1769 0.0 2.4 0.0 201.2 0.00106 0.004
1770 0.0 5.0 0.0 168.0 0.00106 0.004
1771 0.0 4.0 0.0 367.20000000000005 0.00106 0.004
1772 0.0 3.7 0.0 400.4 0.00106 0.004
1773 0.0 2.4 0.0 466.8 0.00106 0.004
1774 0.0 3.7 0.0 234.4 0.00106 0.004
1775 0.0 1.1 0.0 134.8 0.00106 0.004
1776 0.0 4.7 0.0 168.0 0.00106 0.004
1777 0.0 1.1 0.0 300.8 0.00106 0.004
1778 0.0 3.0 0.0 400.4 0.00106 0.004
1779 0.0 4.0 0.0 300.8 0.00106 0.004
1780 0.0 3.7 0.0 68.4 0.00106 0.004
1781 0.0 4.3 0.0 433.59999999999997 0.00106 0.004
1782 0.0 4.3 0.0 400.4 0.00106 0.004
1783 0.0 4.0 0.0 433.59999999999997 0.00106 0.004
1784 0.0 1.7 0.0 234.4 0.00106 0.004
1785 0.0 2.1 0.0 101.6 0.00106 0.004
1786 0.0 2.7 0.0 101.6 0.00106 0.004
1787 0.0 2.7 0.0 433.59999999999997 0.00106 0.004
1788 0.0 4.0 0.0 466.8 0.00106 0.004
1789 0.0 3.7 0.0 134.8 0.00106 0.004
1790 0.0 0.8 0.0 267.6 0.00106 0.004
1791 0.0 2.1 0.0 267.6 0.00106 0.004
1792 0.0 2.1 0.0 334.0 0.00106 0.004
1793 0.0 1.1 0.0 234.4 0.00106 0.004
1794 0.0 2.1 0.0 466.8 0.00106 0.004
1795 0.0 0.8 0.0 466.8 0.00106 0.004
1796 0.0 3.7 0.0 433.59999999999997 0.00106 0.004
1797 0.0 2.1 0.0 367.20000000000005 0.00106 0.004
1798 0.0 0.8 0.0 234.4 0.00106 0.004
1799 0.0 4.0 0.0 466.8 0.00106 0.004
1800 0.0 3.4 0.0 400.4 0.00106 0.004
1801 0.0 4.7 0.0 267.6 0.00106 0.004
1802 0.0 3.4 0.0 201.2 0.00106 0.004
1803 0.0 1.4 0.0 433.59999999999997 0.00106 0.004
1804 0.0 2.4 0.0 466.8 0.00106 0.004
1805 0.0 3.7 0.0 334.0 0.00106 0.004
1806 0.0 4.0 0.0 201.2 0.00106 0.004
1807 0.0 1.7 0.0 267.6 0.00106 0.004
1808 0.0 2.1 0.0 466.8 0.00106 0.004
1809 0.0 0.8 0.0 400.4 0.00106 0.004
1810 0.0 1.1 0.0 168.0 0.00106 0.004
1811 0.0 1.7 0.0 466.8 0.00106 0.004
1812 0.0 2.4 0.0 300.8 0.00106 0.004
1813 0.0 1.1 0.0 101.6 0.00106 0.004
1814 0.0 1.7 0.0 168.0 0.00106 0.004
1815 0.0 2.4 0.0 168.0 0.00106 0.004
1816 0.0 3.0 0.0 134.8 0.00106 0.004
1817 0.0 3.4 0.0 400.4 0.00106 0.004
1818 0.0 1.4 0.0 68.4 0.00106 0.004
1819 0.0 1.1 0.0 466.8 0.00106 0.004
1820 0.0 2.1 0.0 234.4 0.00106 0.004
1821 0.0 1.1 0.0 134.8 0.00106 0.004
1822 0.0 3.0 0.0 68.4 0.00106 0.004
1823 0.0 3.7 0.0 201.2 0.00106 0.004
1824 0.0 1.1 0.0 101.6 0.00106 0.004
1825 0.0 4.0 0.0 68.4 0.00106 0.004
1826 0.0 3.0 0.0 300.8 0.00106 0.004
1827 0.0 1.1 0.0 234.4 0.00106 0.004
1828 0.0 0.8 0.0 201.2 0.00106 0.004
1829 0.0 5.0 0.0 68.4 0.00106 0.004
1830 0.0 3.7 0.0 500.0 0.00106 0.004
1831 0.0 1.1 0.0 201.2 0.00106 0.004
1832 0.0 3.4 0.0 68.4 0.00106 0.004
1833 0.0 3.0 0.0 433.59999999999997 0.00106 0.004
1834 0.0 4.3 0.0 466.8 0.00106 0.004
1835 0.0 4.3 0.0 134.8 0.00106 0.004
1836 0.0 2.1 0.0 466.8 0.00106 0.004
1837 0.0 2.4 0.0 68.4 0.00106 0.004
1838 0.0 4.3 0.0 101.6 0.00106 0.004
1839 0.0 3.7 0.0 168.0 0.00106 0.004
1840 0.0 1.4 0.0 367.20000000000005 0.00106 0.004
1841 0.0 4.3 0.0 234.4 0.00106 0.004
1842 0.0 0.8 0.0 168.0 0.00106 0.004
1843 0.0 1.1 0.0 201.2 0.00106 0.004
1844 0.0 4.0 0.0 400.4 0.00106 0.004
1845 0.0 2.7 0.0 400.4 0.00106 0.004
1846 0.0 1.1 0.0 134.8 0.00106 0.004
1847 0.0 2.7 0.0 234.4 0.00106 0.004
1848 0.0 2.4 0.0 367.20000000000005 0.00106 0.004
1849 0.0 5.0 0.0 234.4 0.00106 0.004
1850 0.0 1.7 0.0 367.20000000000005 0.00106 0.004
1851 0.0 4.3 0.0 300.8 0.00106 0.004
1852 0.0 4.0 0.0 134.8 0.00106 0.004
1853 0.0 5.0 0.0 466.8 0.00106 0.004
1854 0.0 2.1 0.0 201.2 0.00106 0.004
1855 0.0 3.4 0.0 466.8 0.00106 0.004
1856 0.0 2.4 0.0 267.6 0.00106 0.004
1857 0.0 0.8 0.0 400.4 0.00106 0.004
1858 0.0 3.7 0.0 433.59999999999997 0.00106 0.004
1859 0.0 0.8 0.0 300.8 0.00106 0.004
1860 0.0 1.7 0.0 168.0 0.00106 0.004
1861 0.0 0.8 0.0 433.59999999999997 0.00106 0.004
1862 0.0 2.4 0.0 300.8 0.00106 0.004
1863 0.0 4.0 0.0 201.2 0.00106 0.004
1864 0.0 0.8 0.0 267.6 0.00106 0.004
1865 0.0 2.4 0.0 267.6 0.00106 0.004
1866 0.0 2.4 0.0 334.0 0.00106 0.004
1867 0.0 2.4 0.0 300.8 0.00106 0.004
1868 0.0 1.7 0.0 466.8 0.00106 0.004
1869 0.0 1.1 0.0 300.8 0.00106 0.004
1870 0.0 1.4 0.0 433.59999999999997 0.00106 0.004
1871 0.0 1.4 0.0 234.4 0.00106 0.004
1872 0.0 3.0 0.0 334.0 0.00106 0.004
1873 0.0 0.8 0.0 267.6 0.00106 0.004
1874 0.0 1.7 0.0 400.4 0.00106 0.004
1875 0.0 2.1 0.0 466.8 0.00106 0.004
1876 0.0 2.7 0.0 101.6 0.00106 0.004
1877 0.0 0.8 0.0 68.4 0.00106 0.004
1878 0.0 0.8 0.0 168.0 0.00106 0.004
1879 0.0 1.1 0.0 201.2 0.00106 0.004
1880 0.0 3.4 0.0 101.6 0.00106 0.004
1881 0.0 2.4 0.0 134.8 0.00106 0.004
1882 0.0 3.7 0.0 201.2 0.00106 0.004
1883 0.0 3.4 0.0 201.2 0.00106 0.004
1884 0.0 4.0 0.0 101.6 0.00106 0.004
1885 0.0 4.0 0.0 234.4 0.00106 0.004
1886 0.0 4.3 0.0 300.8 0.00106 0.004
1887 0.0 4.0 0.0 500.0 0.00106 0.004
1888 0.0 5.0 0.0 134.8 0.00106 0.004
1889 0.0 2.7 0.0 168.0 0.00106 0.004
1890 0.0 2.1 0.0 367.20000000000005 0.00106 0.004
1891 0.0 4.0 0.0 101.6 0.00106 0.004
1892 0.0 2.4 0.0 101.6 0.00106 0.004
1893 0.0 3.4 0.0 400.4 0.00106 0.004
1894 0.0 2.7 0.0 68.4 0.00106 0.004
1895 0.0 3.7 0.0 367.20000000000005 0.00106 0.004
1896 0.0 3.0 0.0 334.0 0.00106 0.004
1897 0.0 3.0 0.0 500.0 0.00106 0.004
1898 0.0 0.8 0.0 168.0 0.00106 0.004
1899 0.0 5.0 0.0 500.0 0.00106 0.004
1900 0.0 2.7 0.0 101.6 0.00106 0.004
1901 0.0 2.4 0.0 101.6 0.00106 0.004
1902 0.0 5.0 0.0 101.6 0.00106 0.004
1903 0.0 2.4 0.0 466.8 0.00106 0.004
1904 0.0 4.7 0.0 234.4 0.00106 0.004
1905 0.0 1.7 0.0 101.6 0.00106 0.004
1906 0.0 1.1 0.0 466.8 0.00106 0.004
1907 0.0 3.7 0.0 267.6 0.00106 0.004
1908 0.0 4.0 0.0 334.0 0.00106 0.004
1909 0.0 4.7 0.0 433.59999999999997 0.00106 0.004
1910 0.0 1.1 0.0 300.8 0.00106 0.004
1911 0.0 3.4 0.0 300.8 0.00106 0.004
1912 0.0 4.7 0.0 234.4 0.00106 0.004
1913 0.0 1.1 0.0 234.4 0.00106 0.004
1914 0.0 4.0 0.0 466.8 0.00106 0.004
1915 0.0 3.4 0.0 433.59999999999997 0.00106 0.004
1916 0.0 2.7 0.0 68.4 0.00106 0.004
1917 0.0 4.7 0.0 68.4 0.00106 0.004
1918 0.0 2.7 0.0 500.0 0.00106 0.004
1919 0.0 0.8 0.0 168.0 0.00106 0.004
1920 0.0 2.7 0.0 101.6 0.00106 0.004
1921 0.0 5.0 0.0 466.8 0.00106 0.004
1922 0.0 2.1 0.0 334.0 0.00106 0.004
1923 0.0 2.1 0.0 500.0 0.00106 0.004
1924 0.0 4.0 0.0 201.2 0.00106 0.004
1925 0.0 2.7 0.0 101.6 0.00106 0.004
1926 0.0 1.1 0.0 134.8 0.00106 0.004
1927 0.0 4.0 0.0 433.59999999999997 0.00106 0.004
1928 0.0 4.0 0.0 466.8 0.00106 0.004
1929 0.0 3.4 0.0 367.20000000000005 0.00106 0.004
1930 0.0 1.7 0.0 466.8 0.00106 0.004
1931 0.0 1e-10 0.3491 500.0 0.00106 0.004
1932 0.0 1e-10 0.6981 0.6 0.00106 0.004
1933 0.0 1e-10 0.5236 1.0 0.00106 0.004
1934 0.0 0.005 0.3491 1e-10 0.00106 0.004
1935 0.0 0.0008 0.6981 1e-10 0.00106 0.004
1936 0.0 1e-10 0.3491 500.0 0.00106 0.004
1937 0.0 1e-10 0.6981 0.6 0.00106 0.004
1938 0.0 1e-10 0.5236 1.0 0.00106 0.004
1939 0.0 0.005 0.3491 1e-10 0.00106 0.004
1940 0.0 0.0008 0.6981 1e-10 0.00106 0.004
